16.1
16.4
16.0
15.5
15.3
14.7
14.4
13.6
13.4
13.6
13.2
12.9
11.9
12.7
12.3
11.6
11.6
11.3
11.1
10.9
10.9
10.5
10.2
10.1
10.0
10.0
9.78
9.48
9.13
9.01
9.11
8.98
8.83
8.44
8.54
8.35
8.38
8.23
8.09
8.09
7.98
7.85
7.75
7.6
7.61
7.56
7.49
7.34
7.21
7.29
7.26
7.03
7.02
6.88
7.08
7.12
7.12
6.98
6.99
6.77
6.99
6.77
6.79
6.8
6.88
6.7
6.71
6.6
6.72
6.72
6.75
6.54
6.64
6.67
6.41
6.63
6.54
6.5
6.56
6.5
6.48
6.38
6.44
6.41
6.48
6.48
6.31
6.45
6.42
6.41
6.36
6.31
6.39
6.28
6.33
6.27
6.25
6.38
6.38
6.18
6.24
6.4
6.35
6.32
6.28
6.16
6.15
6.23
6.32
6.18
6.25
6.27
6.19
6.21
6.26
6.31
6.27
6.22
6.27
6.19
6.23
6.25
6.22
6.15
6.28
6.18
6.16
6.23
6.19
6.11
6.17
6.12
6.18
6.22
6.14
6.27
6.21
6.28
6.19
6.11
6.22
6.21
6.18
6.18
6.21
6.24
6.23
6.24
6.19
6.11
6.18
6.19
6.1
6.11
6.17
6.1
6.09
6.15
6.05
6.2
6.26
6.14
6.19
6.27
6.06
6.25
6.14
6.11
6.1
6.2
6.12
6.15
6.08
6.14
6.16
6.15
6.08
6.17
6.16
6.03
6.23
6.1
6.13
6.15
6.15
6.12
6.08
6.17
6.14
6.13
6.21
6.09
6.15
6.22
6.16
6.13
6.11
6.17
6.09
6.16
6.07
6.11
6.22
6.2
6.04
6.12
6.17
6.19
6.22
6.15
6.02
6.06
6.1
6.22
6.11
6.15
6.14
6.11
6.11
6.16
6.24
6.16
6.13
6.21
6.12
6.15
6.13
6.1
6.04
6.18
6.11
6.1
6.17
6.14
6.09
6.14
6.05
6.09
6.16
6.1
6.22
6.15
6.23
6.1
6.06
6.14
6.18
6.11
6.12
6.14
6.15
6.21
6.14
6.15
6.04
6.14
6.13
6.09
6.05
6.15
6.04
6.05
6.09
6.03
6.21
6.18
6.11
6.15
6.21
6.05
6.2
6.08
6.07
6.07
6.13
6.09
6.15
6.01
6.1
6.12
6.13
6.04
6.16
6.16
5.99
6.19
6.1
6.13
6.1
6.12
6.08
6.03
6.16
6.12
6.13
6.16
6.1
6.14
6.16
6.14
6.09
6.12
6.15
6.08
6.14
6.03
6.08
6.2
6.18
6.03
6.09
6.15
6.17
6.14
6.13
5.99
6.02
6.06
6.18
6.1
6.13
6.13
6.09
6.06
6.15
6.21
6.16
6.11
6.18
6.1
6.14
6.11
6.12
6.16
6.09
6.08
6.14
6.12
6.05
6.12
6.04
6.07
6.14
6.07
6.16
6.11
6.19
6.11
6.07
6.12
6.17
6.08
6.13
6.14
6.13
6.16
6.13
6.11
6.04
6.14
6.12
6.07
6.05
6.12
6.03
6.03
6.08
6.02
6.17
6.16
6.11
6.17
6.17
6.02
6.19
6.08
6.06
6.05
6.12
6.08
6.15
6.02
6.08
6.11
6.11
6.03
6.14
6.13
5.98
6.18
6.06
6.1
6.09
6.1
6.07
6.04
6.15
6.11
6.1
6.14
6.07
6.12
6.14
6.12
6.1
6.09
6.13
6.07
6.12
6.04
6.06
6.18
6.17
6.03
6.08
6.16
6.15
6.13
6.12
6.04
6.02
6.06
6.18
6.09
6.09
6.14
6.11
6.07
6.13
6.2
6.17
6.1
6.15
6.1
6.14
6.11
6.1
6.01
6.15
6.09
6.05
6.14
6.11
6.06
6.1
6.03
6.07
6.13
6.08
6.16
6.1
6.19
6.1
6.04
6.11
6.16
6.08
6.11
6.11
6.14
6.15
6.12
6.1
6.02
6.14
6.11
6.07
6.03
6.12
6.05
6.04
6.09
6.01
6.14
6.15
6.08
6.14
6.17
6.02
6.21
6.07
6.06
6.06
6.12
6.06
6.13
6.09
6.09
6.12
6.04
6.14
6.14
5.98
6.17
6.07
6.12
6.09
6.1
6.07
6.03
6.15
6.11
6.09
6.15
6.07
6.13
6.14
6.13
6.1
6.1
6.15
6.06
6.14
6.04
6.05
6.19
6.17
6.03
6.09
6.15
6.16
6.13
6.11
6.01
6.01
6.05
6.18
6.07
6.09
6.12
6.09
6.06
6.13
6.2
6.15
6.09
6.16
6.1
6.14
6.1
6.09
6.01
6.14
6.09
6.05
6.12
6.13
6.05
6.09
6.03
6.07
6.13
6.09
6.15
6.1
6.21
6.09
6.05
6.1
6.15
6.08
6.11
6.12
6.14
6.14
6.13
6.1
6.02
6.13
6.13
6.07
6.04
6.12
6.03
6.03
6.07
6.01
6.14
6.14
6.1
6.13
6.16
6.01
6.21
6.07
6.05
6.06
6.11
6.07
6.12
5.99
6.09
6.09
6.12
6.05
6.13
6.14
5.99
6.18
6.06
6.11
6.1
6.11
6.1
6.04
6.15
6.1
6.09
6.15
6.08
6.13
6.15
6.14
6.09
6.09
6.14
6.08
6.13
6.05
6.08
6.18
6.16
6.01
6.09
6.16
6.14
6.14
6.1
6.01
6.02
6.06
6.18
6.08
6.09
6.13
6.08
6.07
6.12
6.2
6.15
6.11
6.15
6.11
6.14
6.14
6.09
6.15
6.08
6.06
6.13
6.12
6.04
6.11
6.03
6.07
6.13
6.08
6.16
6.09
6.21
6.1
6.05
6.11
6.15
6.09
6.12
6.11
6.13
6.15
6.11
6.09
6.02
6.12
6.12
6.06
6.03
6.11
6.04
6.03
6.07
6.01
6.14
6.13
6.09
6.13
6.17
6.02
6.2
6.07
6.06
6.04
6.13
6.05
6.12
6.08
6.11
6.1
6.03
6.14
6.13
5.98
6.17
6.05
6.1
6.09
6.1
6.06
6.02
6.15
6.1
6.09
6.16
6.06
6.12
6.14
6.13
6.07
6.09
6.13
6.06
6.14
6.02
6.05
6.19
6.15
6.02
6.08
6.15
6.14
6.12
6.11
6.05
6.17
6.1
6.1
6.12
6.09
6.06
6.13
6.21
6.15
6.11
6.14
6.09
6.13
6.12
6.08
6.14
6.07
6.06
6.12
6.1
6.04
6.1
6.02
6.06
6.12
6.07
6.15
6.1
6.2
6.09
6.05
6.09
6.15
6.07
6.09
6.12
6.12
6.14
6.12
6.1
6.02
6.12
6.13
6.05
6.02
6.11
6.03
6.03
6.06
6.15
6.14
6.08
6.14
6.16
6.01
6.18
6.06
6.05
6.04
6.12
6.05
6.11
5.99
6.07
6.08
6.11
6.02
6.12
6.11
5.97
6.16
6.05
6.11
6.1
6.1
6.08
6.02
6.15
6.1
6.08
6.13
6.06
6.13
6.13
6.11
6.08
6.09
6.12
6.06
6.14
6.01
6.05
6.18
6.16
6.01
6.08
6.15
6.14
6.12
6.11
5.99
6.01
6.05
6.17
6.07
6.08
6.12
6.08
6.05
6.13
6.19
6.14
6.09
6.14
6.09
6.13
6.11
6.09
5.99
6.14
6.07
6.05
6.12
6.1
6.03
6.09
6.02
6.06
6.12
6.06
6.14
6.09
6.19
6.1
6.04
6.09
6.14
6.07
6.09
6.1
6.12
6.14
6.1
6.1
6.01
6.12
6.11
6.05
6.02
6.11
6.03
6.02
6.06
6.01
6.13
6.13
6.09
6.13
6.16
6.01
6.2
6.07
6.05
6.03
6.12
6.05
6.11
5.99
6.07
6.1
6.1
6.03
6.13
6.12
5.97
6.16
6.05
6.1
6.09
6.11
6.06
6.02
6.15
6.09
6.09
6.13
6.07
6.11
6.14
6.11
6.07
6.09
6.13
6.04
6.12
6.02
6.05
6.18
6.16
6.01
6.08
6.14
6.14
6.11
6.11
6.02
6.01
6.05
6.17
6.07
6.08
6.11
6.09
6.04
6.13
6.18
6.14
6.09
6.14
6.09
6.12
6.11
6.08
5.99
6.14
6.07
6.06
6.12
6.1
6.03
6.09
6.02
6.05
6.12
6.07
6.14
6.09
6.19
6.09
6.05
6.09
6.15
6.07
6.1
6.11
6.12
6.14
6.1
6.09
6.01
6.11
6.11
6.06
6.02
6.11
6.02
6.02
6.06
6.13
6.13
6.08
6.12
6.16
6.01
6.19
6.06
6.05
6.03
6.11
6.05
6.11
5.98
6.07
6.09
6.1
6.02
6.12
6.12
5.97
6.16
6.05
6.09
6.08
6.09
6.06
6.01
6.14
6.09
6.08
6.13
6.05
6.12
6.14
6.1
6.07
6.09
6.13
6.06
6.12
6.02
6.06
6.18
6.16
6.01
6.07
6.15
6.13
6.12
6.12
6.02
6.05
6.19
6.08
6.08
6.11
6.08
6.05
6.12
6.19
6.14
6.12
6.15
6.08
6.12
6.1
6.08
5.99
6.14
6.07
6.05
6.11
6.1
6.03
6.1
6.02
6.05
6.12
6.06
6.14
6.09
6.19
6.08
6.04
6.09
6.15
6.08
6.1
6.11
6.12
6.14
6.1
6.1
6.01
6.12
6.11
6.06
6.02
6.1
6.02
6.02
6.06
6.14
6.13
6.08
6.13
6.15
6.01
6.19
6.05
6.05
6.04
6.11
6.06
6.11
5.98
6.07
6.09
6.11
6.02
6.13
6.11
5.97
6.16
6.05
6.09
6.08
6.09
6.06
6.02
6.14
6.09
6.08
6.13
6.07
6.11
6.13
6.11
6.07
6.08
6.12
6.05
6.12
6.02
6.05
6.18
6.16
6.03
6.08
6.14
6.15
6.12
6.11
5.99
6.01
6.05
6.16
6.07
6.09
6.11
6.08
6.04
6.13
6.19
6.13
6.09
6.14
6.08
6.13
6.11
6.08
5.99
6.14
6.08
6.05
6.12
6.09
6.04
6.09
6.02
6.06
6.12
6.06
6.14
6.08
6.19
6.09
6.03
6.09
6.14
6.07
6.09
6.1
6.13
6.15
6.1
6.09
6.02
6.11
6.11
6.05
6.02
6.11
6.02
6.02
6.06
6.13
6.12
6.09
6.13
6.16
6.02
6.19
6.06
6.05
6.04
6.12
6.05
6.12
5.98
6.07
6.09
6.11
6.02
6.13
6.11
5.97
6.17
6.05
6.09
6.08
6.09
6.06
6.02
6.15
6.1
6.08
6.13
6.06
6.11
6.13
6.11
6.08
6.09
6.12
6.05
6.12
6.03
6.06
6.18
6.15
6.01
6.08
6.14
6.14
6.12
6.11
6.01
6.01
6.05
6.17
6.09
6.08
6.12
6.08
6.05
6.13
6.19
6.13
6.09
6.14
6.08
6.13
6.11
6.08
5.99
6.14
6.08
6.04
6.12
6.1
6.04
6.1
6.03
6.06
6.12
6.07
6.14
6.09
6.19
6.09
6.04
6.09
6.14
6.07
6.1
6.11
6.13
6.14
6.1
6.09
6.02
6.11
6.11
6.04
6.03
6.12
6.03
6.03
6.06
6.13
6.13
6.09
6.13
6.16
6.01
6.19
6.07
6.05
6.05
6.12
6.05
6.12
5.98
6.08
6.09
6.1
6.02
6.13
6.12
5.97
6.16
6.07
6.09
6.09
6.09
6.07
6.01
6.14
6.1
6.08
6.14
6.06
6.11
6.13
6.11
6.09
6.09
6.12
6.05
6.12
6.03
6.05
6.2
6.16
6.02
6.08
6.14
6.14
6.12
6.1
5.99
6.01
6.05
6.17
6.08
6.09
6.11
6.08
6.05
6.13
6.2
6.14
6.09
6.14
6.1
6.13
6.1
6.09
5.99
6.14
6.07
6.04
6.12
6.1
6.04
6.1
6.03
6.05
6.12
6.06
6.14
6.09
6.2
6.09
6.05
6.09
6.14
6.08
6.1
6.11
6.13
6.15
6.1
6.1
6.04
6.11
6.12
6.07
6.03
6.11
6.03
6.04
6.07
6.13
6.13
6.09
6.14
6.16
6.01
6.19
6.06
6.05
6.05
6.11
6.05
6.13
5.98
6.08
6.1
6.1
6.02
6.12
6.12
5.97
6.16
6.05
6.09
6.08
6.09
6.07
6.02
6.14
6.09
6.08
6.14
6.06
6.12
6.15
6.11
6.07
6.08
6.12
6.05
6.12
6.02
6.06
6.19
6.15
6.01
6.07
6.14
6.14
6.12
6.1
6.01
6.05
6.17
6.08
6.08
6.12
6.08
6.05
6.14
6.19
6.13
6.1
6.14
6.08
6.13
6.11
6.08
5.99
6.14
6.07
6.05
6.12
6.1
6.03
6.09
6.02
6.05
6.12
6.07
6.14
6.09
6.19
6.08
6.04
6.09
6.14
6.07
6.09
6.1
6.12
6.13
6.1
6.09
6.02
6.11
6.11
6.05
6.02
6.1
6.02
6.02
6.06
5.99
6.13
6.12
6.08
6.13
6.16
6.01
6.19
6.06
6.04
6.04
6.13
6.05
6.11
5.98
6.07
6.09
6.1
6.02
6.12
6.11
5.97
6.16
6.05
6.09
6.08
6.09
6.06
6.01
6.14
6.09
6.08
6.14
6.06
6.11
6.14
6.11
6.07
6.08
6.12
6.05
6.12
6.01
6.06
6.18
6.15
6.02
6.07
6.15
6.14
6.12
6.11
6.01
6.05
6.17
6.08
6.08
6.12
6.09
6.04
6.13
6.18
6.14
6.1
6.15
6.08
6.13
6.12
6.09
6.15
6.08
6.04
6.12
6.1
6.04
6.09
6.01
6.07
6.13
6.08
6.14
6.1
6.18
6.09
6.04
6.1
6.15
6.08
6.09
6.1
6.13
6.14
6.1
6.1
6.01
6.12
6.12
6.05
6.03
6.1
6.03
6.04
6.07
6.13
6.14
6.09
6.14
6.17
6.01
6.19
6.07
6.06
6.05
6.12
6.05
6.12
5.99
6.07
6.1
6.11
6.02
6.12
6.12
5.97
6.16
6.05
6.1
6.08
6.09
6.07
6.02
6.14
6.1
6.09
6.15
6.07
6.12
6.14
6.11
6.09
6.08
6.12
6.05
6.12
6.02
6.06
6.18
6.17
6.02
6.08
6.15
6.14
6.11
6.12
6.01
6.06
6.17
6.08
6.08
6.12
6.08
6.05
6.13
6.18
6.14
6.09
6.15
6.09
6.15
6.11
6.08
5.99
6.14
6.07
6.05
6.13
6.1
6.04
6.1
6.02
6.05
6.12
6.06
6.14
6.09
6.19
6.09
6.04
6.09
6.14
6.08
6.1
6.11
6.13
6.14
6.1
6.09
6.01
6.11
6.11
6.06
6.02
6.1
6.03
6.02
6.05
6.01
6.13
6.13
6.08
6.13
6.16
6.01
6.18
6.06
6.05
6.04
6.11
6.06
6.12
5.99
6.07
6.1
6.1
6.02
6.13
6.13
5.97
6.16
6.05
6.12
6.1
6.1
6.06
6.01
6.14
6.09
6.08
6.14
6.06
6.12
6.14
6.11
6.08
6.08
6.12
6.06
6.13
6.03
6.06
6.19
6.16
6.02
6.08
6.14
6.15
6.13
6.11
5.99
6.05
6.17
6.07
6.08
6.11
6.08
6.04
6.13
6.19
6.13
6.1
6.14
6.08
6.13
6.12
6.08
5.99
6.14
6.07
6.04
6.11
6.09
6.03
6.09
6.01
6.05
6.12
6.07
6.15
6.08
6.19
6.08
6.04
6.09
6.14
6.08
6.1
6.11
6.13
6.13
6.1
6.1
6.02
6.11
6.11
6.06
6.01
6.11
6.02
6.02
6.07
6.13
6.13
6.09
6.13
6.16
6.01
6.18
6.07
6.05
6.04
6.12
6.05
6.12
5.98
6.07
6.09
6.1
6.02
6.12
6.11
5.97
6.16
6.05
6.1
6.08
6.1
6.06
6.02
6.14
6.09
6.08
6.13
6.06
6.11
6.13
6.11
6.07
6.09
6.12
6.05
6.12
6.02
6.06
6.18
6.15
6.01
6.08
6.14
6.14
6.12
6.1
5.99
6.01
6.05
6.17
6.07
6.08
6.11
6.09
6.04
6.12
6.19
6.13
6.1
6.14
6.1
6.13
6.11
6.09
5.99
6.14
6.07
6.04
6.12
6.1
6.03
6.09
6.02
6.05
6.12
6.06
6.14
6.08
6.19
6.08
6.04
6.09
6.15
6.07
6.09
6.11
6.12
6.14
6.1
6.09
6.01
6.11
6.11
6.05
6.02
6.1
6.03
6.02
6.05
6.13
6.12
6.09
6.13
6.16
6.01
6.18
6.06
6.05
6.04
6.1
6.06
6.11
5.98
6.07
6.1
6.1
6.02
6.12
6.11
5.97
6.16
6.05
6.09
6.08
6.11
6.07
6.02
6.15
6.09
6.08
6.13
6.06
6.11
6.13
6.11
6.08
6.08
6.12
6.05
6.12
6.02
6.05
6.18
6.15
6.01
6.07
6.14
6.14
6.11
6.11
6.01
6.05
6.17
6.07
6.08
6.11
6.08
6.04
6.13
6.19
6.13
6.09
6.14
6.08
6.12
6.11
6.08
5.99
6.14
6.07
6.04
6.11
6.1
6.03
6.09
6.02
6.05
6.13
6.06
6.14
6.09
6.19
6.09
6.04
6.09
6.14
6.07
6.1
6.11
6.13
6.13
6.11
6.09
6.02
6.11
6.11
6.05
6.01
6.11
6.02
6.03
6.06
5.99
6.13
6.13
6.08
6.13
6.16
6.01
6.19
6.06
6.05
6.04
6.11
6.05
6.11
5.99
6.07
6.09
6.1
6.03
6.12
6.12
5.97
6.16
6.05
6.09
6.08
6.09
6.06
6.01
6.14
6.09
6.09
6.13
6.06
6.11
6.13
6.11
6.07
6.09
6.12
6.05
6.12
6.02
6.05
6.18
6.15
6.01
6.07
6.14
6.13
6.12
6.1
5.99
6.01
6.05
6.17
6.07
6.08
6.11
6.08
6.05
6.12
6.19
6.13
6.09
6.14
6.1
6.12
6.11
6.08
5.99
6.13
6.07
6.04
6.11
6.09
6.03
6.09
6.02
6.05
6.12
6.07
6.15
6.08
6.19
6.08
6.04
6.09
6.15
6.07
6.09
6.11
6.12
6.13
6.1
6.1
6.02
6.12
6.11
6.05
6.02
6.11
6.02
6.02
6.05
6.13
6.13
6.09
6.13
6.17
6.01
6.18
6.06
6.05
6.04
6.11
6.05
6.12
5.99
6.08
6.1
6.11
6.02
6.13
6.11
5.97
6.16
6.05
6.09
6.09
6.1
6.06
6.02
6.14
6.09
6.08
6.13
6.05
6.11
6.14
6.11
6.08
6.08
6.12
6.05
6.13
6.01
6.05
6.18
6.16
6.02
6.07
6.14
6.13
6.12
6.11
5.99
6.01
6.05
6.17
6.07
6.09
6.11
6.08
6.04
6.12
6.18
6.14
6.09
6.14
6.08
6.12
6.12
6.08
5.99
6.14
6.07
6.05
6.12
6.09
6.03
6.09
6.02
6.05
6.12
6.06
6.14
6.09
6.2
6.08
6.03
6.09
6.14
6.08
6.1
6.1
6.12
6.13
6.1
6.09
6.02
6.12
6.11
6.05
6.02
6.11
6.02
6.02
6.06
6.13
6.13
6.08
6.13
6.16
6.01
6.18
6.06
6.05
6.04
6.11
6.05
6.11
5.98
6.08
6.09
6.1
6.02
6.12
6.11
5.97
6.16
6.05
6.09
6.08
6.1
6.06
6.02
6.14
6.09
6.08
6.14
6.06
6.11
6.13
6.11
6.07
6.08
6.12
6.04
6.12
6.01
6.06
6.19
6.15
6.01
6.08
6.14
6.14
6.12
6.11
5.99
6.01
6.06
6.17
6.07
6.09
6.11
6.08
6.05
6.13
6.18
6.14
6.09
6.15
6.09
6.13
6.11
6.09
5.99
6.14
6.07
6.04
6.12
6.09
6.03
6.1
6.02
6.06
6.13
6.08
6.14
6.1
6.19
6.08
6.04
6.09
6.16
6.08
6.09
6.1
6.12
6.14
6.1
6.1
6.01
6.11
6.1
6.06
6.02
6.1
6.02
6.02
6.06
6.13
6.13
6.08
6.13
6.15
6.18
6.06
6.04
6.04
6.11
6.05
6.11
5.98
6.08
6.09
6.1
6.02
6.13
6.11
5.97
6.16
6.05
6.09
6.08
6.09
6.05
6.01
6.14
6.09
6.08
6.13
6.06
6.12
6.13
6.1
6.07
6.08
6.12
6.05
6.12
6.01
6.06
6.18
6.15
6.02
6.07
6.14
6.15
6.12
6.11
5.99
6.01
6.06
6.16
6.07
6.09
6.11
6.08
6.04
6.12
6.19
6.13
6.09
6.15
6.09
6.13
6.11
6.08
5.99
6.13
6.07
6.04
6.12
6.1
6.04
6.09
6.02
6.05
6.12
6.07
6.14
6.09
6.19
6.1
6.03
6.09
6.14
6.08
6.1
6.11
6.12
6.14
6.1
6.09
6.02
6.12
6.11
6.05
6.02
6.1
6.03
6.03
6.06
6.01
6.13
6.13
6.08
6.13
6.16
6.01
6.18
6.06
6.05
6.04
6.11
6.05
6.13
5.98
6.07
6.09
6.11
6.02
6.12
6.11
5.97
6.16
6.05
6.09
6.08
6.1
6.06
6.01
6.14
6.09
6.08
6.13
6.06
6.11
6.13
6.1
6.07
6.08
6.13
6.05
6.12
6.02
6.05
6.18
6.15
6.01
6.07
6.14
6.13
6.11
6.1
5.99
6.01
6.05
6.17
6.07
6.08
6.11
6.08
6.04
6.12
6.19
6.13
6.09
6.14
6.08
6.12
6.11
6.08
5.99
6.13
6.07
6.04
6.12
6.1
6.03
6.1
6.02
6.06
6.13
6.07
6.14
6.09
6.19
6.09
6.04
6.08
6.14
6.07
6.09
6.11
6.13
6.14
6.1
6.09
6.02
6.11
6.12
6.06
6.02
6.11
6.02
6.02
6.06
6.14
6.13
6.08
6.13
6.16
6.01
6.19
6.05
6.05
6.05
6.11
6.05
6.11
5.99
6.07
6.09
6.1
6.02
6.12
6.12
5.97
6.16
6.05
6.09
6.08
6.09
6.06
6.02
6.14
6.09
6.08
6.13
6.06
6.12
6.13
6.1
6.07
6.09
6.12
6.05
6.12
6.02
6.06
6.18
6.16
6.01
6.08
6.14
6.14
6.11
6.1
6.01
6.05
6.17
6.07
6.08
6.12
6.09
6.04
6.12
6.19
6.14
6.09
6.15
6.08
6.13
6.11
6.08
6.14
6.07
6.04
6.12
6.09
6.03
6.09
6.02
6.05
6.12
6.06
6.14
6.09
6.19
6.09
6.04
6.09
6.14
6.08
6.1
6.11
6.13
6.13
6.11
6.1
6.01
6.11
6.11
6.05
6.02
6.1
6.02
6.02
6.07
6.13
6.13
6.08
6.13
6.16
6.01
6.19
6.06
6.04
6.04
6.12
6.05
6.12
5.98
6.08
6.09
6.1
6.02
6.12
6.12
5.98
6.17
6.05
6.1
6.09
6.09
6.06
6.02
6.14
6.11
6.1
6.14
6.07
6.12
6.14
6.11
6.08
6.1
6.12
6.05
6.12
6.02
6.06
6.19
6.16
6.01
6.07
6.14
6.15
6.12
6.11
6.01
6.05
6.17
6.07
6.08
6.11
6.08
6.04
6.12
6.18
6.13
6.09
6.15
6.09
6.13
6.11
6.08
5.99
6.14
6.07
6.05
6.11
6.1
6.04
6.1
6.02
6.06
6.13
6.07
6.14
6.09
6.19
6.08
6.04
6.1
6.14
6.07
6.1
6.1
6.12
6.13
6.1
6.1
6.02
6.11
6.12
6.05
6.02
6.11
6.03
6.02
6.07
6.14
6.13
6.08
6.13
6.17
6.01
6.19
6.06
6.05
6.05
6.12
6.06
6.13
5.98
6.09
6.09
6.11
6.02
6.12
6.13
5.97
6.16
6.06
6.09
6.09
6.1
6.06
6.02
6.14
6.09
6.08
6.13
6.06
6.11
6.13
6.11
6.07
6.09
6.12
6.05
6.13
6.03
6.06
6.18
6.15
6.02
6.08
6.14
6.14
6.12
6.11
6.01
6.05
6.16
6.07
6.09
6.11
6.09
6.05
6.13
6.19
6.14
6.09
6.14
6.09
6.13
6.11
6.08
5.98
6.14
6.07
6.06
6.12
6.11
6.04
6.1
6.02
6.05
6.13
6.07
6.14
6.1
6.19
6.09
6.05
6.09
6.14
6.07
6.1
6.1
6.12
6.14
6.1
6.09
6.01
6.11
6.11
6.05
6.02
6.11
6.03
6.02
6.06
6.13
6.13
6.08
6.13
6.17
6.01
6.19
6.07
6.04
6.03
6.11
6.05
6.12
5.99
6.07
6.09
6.11
6.02
6.13
6.12
5.97
6.16
6.05
6.09
6.08
6.1
6.07
6.01
6.14
6.09
6.08
6.14
6.07
6.12
6.14
6.11
6.07
6.09
6.13
6.05
6.12
6.02
6.06
6.18
6.16
6.01
6.08
6.15
6.15
6.12
6.11
6.01
6.01
6.05
6.17
6.08
6.1
6.11
6.11
6.05
6.13
6.18
6.15
6.09
6.14
6.09
6.13
6.12
6.08
6.15
6.07
6.05
6.12
6.09
6.03
6.09
6.02
6.06
6.13
6.07
6.14
6.1
6.2
6.09
6.04
6.09
6.15
6.08
6.09
6.11
6.13
6.14
6.1
6.09
6.02
6.11
6.11
6.05
6.02
6.1
6.02
6.02
6.06
6.14
6.13
6.08
6.13
6.17
6.02
6.19
6.05
6.05
6.05
6.11
6.05
6.11
5.99
6.08
6.09
6.1
6.02
6.12
6.11
5.97
6.16
6.05
6.1
6.08
6.09
6.06
6.01
6.14
6.09
6.08
6.13
6.06
6.11
6.14
6.11
6.07
6.09
6.12
6.05
6.12
6.02
6.06
6.18
6.15
6.01
6.08
6.14
6.14
6.11
6.1
5.99
6.01
6.05
6.17
6.07
6.08
6.12
6.08
6.04
6.13
6.18
6.14
6.09
6.14
6.08
6.13
6.12
6.08
5.99
6.16
6.07
6.05
6.11
6.1
6.04
6.09
6.02
6.05
6.14
6.06
6.14
6.09
6.19
6.08
6.03
6.1
6.16
6.07
6.1
6.1
6.12
6.15
6.12
6.09
6.02
6.11
6.12
6.05
6.01
6.11
6.02
6.02
6.06
5.99
6.13
6.12
6.08
6.13
6.16
6.01
6.19
6.06
6.04
6.04
6.12
6.05
6.11
5.99
6.07
6.1
6.1
6.02
6.12
6.11
5.97
6.16
6.05
6.09
6.08
6.1
6.06
6.02
6.14
6.1
6.08
6.13
6.06
6.11
6.13
6.11
6.07
6.1
6.12
6.05
6.12
6.01
6.05
6.18
6.16
6.01
6.08
6.14
6.13
6.12
6.1
6.02
6.05
6.17
6.08
6.09
6.11
6.08
6.04
6.12
6.19
6.13
6.09
6.14
6.08
6.12
6.11
6.08
5.99
6.14
6.07
6.04
6.11
6.09
6.03
6.1
6.02
6.05
6.12
6.06
6.14
6.09
6.2
6.08
6.04
6.08
6.14
6.07
6.09
6.1
6.12
6.14
6.1
6.09
6.02
6.11
6.11
6.05
6.02
6.1
6.02
6.03
6.06
6.13
6.13
6.08
6.13
6.16
6.01
6.19
6.06
6.05
6.03
6.11
6.05
6.11
5.98
6.07
6.09
6.1
6.02
6.12
6.11
5.97
6.16
6.05
6.09
6.08
6.09
6.06
6.02
6.14
6.1
6.08
6.14
6.06
6.12
6.13
6.1
6.08
6.08
6.12
6.05
6.12
6.02
6.05
6.17
6.15
6.01
6.08
6.14
6.14
6.12
6.1
5.99
6.01
6.05
6.17
6.07
6.1
6.11
6.08
6.04
6.12
6.18
6.13
6.09
6.14
6.08
6.12
6.1
6.08
5.99
6.15
6.07
6.04
6.11
6.1
6.04
6.09
6.02
6.05
6.12
6.07
6.14
6.08
6.18
6.1
6.04
6.09
6.16
6.07
6.09
6.1
6.13
6.13
6.1
6.09
6.01
6.11
6.11
6.05
6.02
6.1
6.03
6.02
6.06
5.99
6.13
6.13
6.08
6.13
6.15
6.01
6.19
6.06
6.05
6.03
6.11
6.05
6.11
5.98
6.07
6.09
6.1
6.02
6.12
6.11
5.97
6.16
6.07
6.09
6.08
6.1
6.06
6.02
6.13
6.1
6.09
6.14
6.06
6.12
6.14
6.12
6.08
6.09
6.13
6.05
6.12
6.03
6.06
6.18
6.15
6.02
6.08
6.14
6.13
6.12
6.12
6.01
6.05
6.16
6.07
6.08
6.13
6.09
6.05
6.13
6.18
6.14
6.09
6.15
6.09
6.13
6.12
6.08
6.14
6.07
6.04
6.12
6.1
6.03
6.1
6.02
6.05
6.14
6.06
6.14
6.09
6.18
6.08
6.04
6.1
6.14
6.08
6.1
6.11
6.13
6.14
6.1
6.1
6.01
6.11
6.12
6.05
6.02
6.11
6.02
6.02
6.07
6.13
6.13
6.08
6.14
6.16
6.01
6.19
6.07
6.05
6.04
6.11
6.05
6.11
5.99
6.08
6.09
6.1
6.02
6.12
6.12
5.98
6.16
6.05
6.09
6.08
6.09
6.06
6.03
6.15
6.09
6.09
6.13
6.06
6.11
6.14
6.11
6.07
6.09
6.12
6.05
6.13
6.02
6.05
6.18
6.16
6.02
6.08
6.15
6.14
6.11
6.1
6.01
6.05
6.18
6.07
6.09
6.12
6.08
6.04
6.14
6.18
6.13
6.1
6.15
6.09
6.13
6.11
6.08
5.99
6.14
6.07
6.05
6.12
6.09
6.04
6.1
6.02
6.06
6.12
6.07
6.14
6.09
6.19
6.09
6.04
6.08
6.16
6.07
6.1
6.11
6.12
6.14
6.1
6.09
6.02
6.11
6.11
6.05
6.02
6.11
6.03
6.02
6.06
5.99
6.13
6.13
6.08
6.13
6.16
6.01
6.18
6.06
6.04
6.04
6.11
6.05
6.12
5.99
6.08
6.09
6.1
6.02
6.12
6.11
5.97
6.16
6.05
6.09
6.09
6.09
6.06
6.02
6.14
6.09
6.08
6.14
6.06
6.11
6.13
6.11
6.08
6.08
6.12
6.04
6.12
6.02
6.07
6.18
6.15
6.01
6.07
6.15
6.15
6.12
6.11
6.01
6.05
6.17
6.07
6.08
6.11
6.09
6.05
6.13
6.19
6.15
6.09
6.15
6.08
6.13
6.1
6.09
6.13
6.07
6.05
6.12
6.09
6.02
6.09
6.02
6.05
6.13
6.07
6.14
6.08
6.19
6.08
6.04
6.08
6.15
6.07
6.1
6.1
6.14
6.14
6.1
6.09
6.03
6.11
6.11
6.06
6.02
6.11
6.03
6.02
6.06
6.13
6.13
6.08
6.13
6.17
6.01
6.18
6.06
6.04
6.04
6.11
6.05
6.11
5.98
6.08
6.09
6.1
6.02
6.12
6.11
5.97
6.16
6.05
6.1
6.08
6.09
6.06
6.02
6.14
6.11
6.08
6.13
6.06
6.11
6.14
6.11
6.08
6.08
6.13
6.05
6.12
6.02
6.06
6.18
6.15
6.02
6.07
6.15
6.13
6.11
6.1
6.01
6.05
6.17
6.07
6.09
6.11
6.08
6.04
6.13
6.18
6.14
6.09
6.14
6.08
6.12
6.1
6.08
6.14
6.07
6.04
6.11
6.1
6.03
6.1
6.02
6.05
6.12
6.06
6.14
6.09
6.18
6.09
6.04
6.09
6.15
6.07
6.09
6.1
6.12
6.13
6.11
6.09
6.01
6.11
6.11
6.05
6.01
6.1
6.02
6.02
6.07
6.13
6.12
6.08
6.13
6.16
6.02
6.19
6.06
6.06
6.04
6.11
6.05
6.11
5.98
6.08
6.1
6.09
6.02
6.12
6.12
5.97
6.16
6.05
6.09
6.08
6.08
6.06
6.02
6.15
6.1
6.08
6.13
6.06
6.11
6.14
6.11
6.07
6.08
6.12
6.04
6.13
6.02
6.05
6.18
6.16
6.01
6.07
6.14
6.14
6.12
6.1
6.01
6.05
6.17
6.07
6.09
6.11
6.09
6.04
6.12
6.19
6.13
6.09
6.14
6.09
6.12
6.1
6.09
5.99
6.14
6.07
6.04
6.13
6.1
6.03
6.09
6.02
6.05
6.12
6.07
6.14
6.08
6.19
6.09
6.04
6.09
6.14
6.07
6.1
6.1
6.12
6.14
6.1
6.09
6.01
6.11
6.11
6.05
6.02
6.1
6.03
6.01
6.06
6.13
6.13
6.08
6.13
6.17
6.02
6.19
6.06
6.05
6.05
6.12
6.05
6.12
5.98
6.08
6.09
6.11
6.02
6.12
6.12
5.97
6.16
6.05
6.1
6.08
6.11
6.06
6.02
6.14
6.1
6.08
6.13
6.06
6.11
6.13
6.11
6.08
6.08
6.13
6.04
6.12
6.01
6.06
6.18
6.15
6.01
6.07
6.14
6.14
6.12
6.11
6.01
6.05
6.17
6.07
6.09
6.12
6.08
6.04
6.12
6.19
6.13
6.09
6.16
6.09
6.13
6.11
6.08
5.98
6.14
6.07
6.05
6.12
6.09
6.04
6.1
6.02
6.05
6.12
6.07
6.14
6.09
6.2
6.09
6.04
6.1
6.15
6.07
6.1
6.11
6.14
6.13
6.1
6.1
6.02
6.11
6.11
6.05
6.02
6.11
6.02
6.03
6.06
6.14
6.13
6.08
6.13
6.16
6.03
6.19
6.06
6.05
6.04
6.13
6.05
6.13
5.98
6.08
6.1
6.1
6.03
6.13
6.12
5.97
6.17
6.05
6.09
6.09
6.1
6.07
6.01
6.14
6.1
6.09
6.13
6.07
6.11
6.15
6.11
6.07
6.09
6.12
6.05
6.12
6.01
6.06
6.18
6.15
6.02
6.08
6.14
6.14
6.12
6.11
6.01
6.06
6.17
6.08
6.09
6.11
6.08
6.04
6.13
6.18
6.14
6.09
6.15
6.09
6.13
6.11
6.08
5.99
6.14
6.07
6.04
6.12
6.1
6.04
6.09
6.01
6.06
6.13
6.07
6.14
6.09
6.19
6.09
6.04
6.09
6.15
6.08
6.1
6.11
6.12
6.15
6.1
6.1
6.02
6.12
6.11
6.06
6.02
6.11
6.03
6.02
6.06
6.13
6.13
6.1
6.13
6.16
6.01
6.19
6.06
6.05
6.04
6.12
6.06
6.12
6.08
6.1
6.1
6.03
6.13
6.11
5.97
6.16
6.05
6.09
6.09
6.09
6.06
6.02
6.14
6.09
6.08
6.13
6.06
6.12
6.13
6.11
6.08
6.08
6.13
6.05
6.12
6.02
6.06
6.18
6.16
6.01
6.07
6.16
6.15
6.12
6.11
6.01
6.06
6.17
6.08
6.08
6.12
6.08
6.05
6.12
6.18
6.13
6.09
6.15
6.08
6.13
6.12
6.09
5.99
6.14
6.07
6.04
6.12
6.09
6.03
6.09
6.02
6.05
6.13
6.06
6.14
6.1
6.19
6.09
6.05
6.09
6.15
6.07
6.1
6.11
6.12
6.15
6.1
6.09
6.01
6.11
6.11
6.06
6.02
6.11
6.03
6.02
6.06
6.13
6.13
6.08
6.13
6.16
6.01
6.19
6.06
6.05
6.03
6.11
6.05
6.12
5.98
6.07
6.09
6.1
6.02
6.13
6.12
5.97
6.16
6.05
6.09
6.08
6.09
6.06
6.02
6.14
6.09
6.09
6.13
6.06
6.11
6.14
6.11
6.08
6.09
6.12
6.05
6.12
6.02
6.05
6.18
6.16
6.02
6.07
6.14
6.13
6.12
6.11
5.99
6.01
6.05
6.17
6.08
6.08
6.11
6.08
6.04
6.12
6.18
6.13
6.09
6.14
6.09
6.12
6.11
6.09
5.99
6.14
6.06
6.04
6.12
6.09
6.03
6.09
6.02
6.05
6.12
6.06
6.14
6.09
6.18
6.08
6.03
6.08
6.14
6.08
6.09
6.1
6.12
6.15
6.1
6.09
6.01
6.11
6.11
6.05
6.01
6.1
6.02
6.02
6.06
6.14
6.13
6.08
6.13
6.16
6.01
6.18
6.06
6.05
6.03
6.11
6.05
6.11
5.98
6.07
6.09
6.11
6.02
6.12
6.12
5.97
6.16
6.05
6.09
6.08
6.09
6.07
6.02
6.14
6.1
6.08
6.13
6.06
6.11
6.13
6.11
6.08
6.08
6.12
6.05
6.13
6.02
6.05
6.18
6.16
6.01
6.08
6.14
6.14
6.11
6.1
5.99
6.01
6.05
6.17
6.07
6.08
6.11
6.08
6.05
6.13
6.18
6.13
6.09
6.14
6.08
6.13
6.1
6.08
5.99
6.14
6.07
6.05
6.12
6.09
6.03
6.09
6.02
6.05
6.12
6.06
6.14
6.09
6.19
6.08
6.05
6.09
6.14
6.08
6.1
6.1
6.12
6.13
6.11
6.09
6.02
6.11
6.11
6.05
6.02
6.1
6.02
6.02
6.06
6.13
6.13
6.08
6.13
6.16
6.01
6.18
6.06
6.04
6.04
6.11
6.06
6.11
5.98
6.07
6.09
6.1
6.02
6.12
6.11
5.97
6.16
6.06
6.09
6.08
6.09
6.06
6.02
6.14
6.09
6.08
6.13
6.06
6.12
6.15
6.11
6.08
6.08
6.12
6.05
6.12
6.02
6.05
6.18
6.16
6.02
6.08
6.15
6.14
6.12
6.11
5.99
6.04
6.17
6.07
6.08
6.11
6.09
6.04
6.12
6.19
6.14
6.09
6.15
6.09
6.12
6.11
6.08
5.99
6.14
6.07
6.05
6.12
6.1
6.04
6.09
6.01
6.06
6.12
6.07
6.14
6.09
6.19
6.09
6.05
6.09
6.14
6.08
6.1
6.11
6.13
6.13
6.1
6.1
6.01
6.11
6.11
6.06
6.02
6.11
6.03
6.02
6.06
6.13
6.13
6.08
6.13
6.16
6.01
6.19
6.06
6.04
6.04
6.11
6.05
6.11
5.98
6.07
6.09
6.1
6.02
6.12
6.11
5.97
6.16
6.05
6.09
6.08
6.09
6.06
6.01
6.14
6.09
6.08
6.14
6.06
6.11
6.13
6.11
6.07
6.08
6.12
6.05
6.12
6.02
6.06
6.18
6.15
6.01
6.07
6.14
6.14
6.11
6.1
5.99
6.01
6.05
6.17
6.07
6.08
6.12
6.07
6.05
6.13
6.18
6.13
6.09
6.14
6.09
6.13
6.11
6.08
5.99
6.14
6.07
6.04
6.12
6.1
6.03
6.09
6.01
6.06
6.12
6.06
6.14
6.1
6.19
6.09
6.04
6.09
6.14
6.07
6.1
6.1
6.12
6.14
6.1
6.09
6.02
6.11
6.11
6.05
6.02
6.1
6.02
6.02
6.06
6.13
6.13
6.08
6.13
6.16
6.01
6.18
6.06
6.05
6.04
6.11
6.05
6.11
5.99
6.07
6.1
6.1
6.02
6.13
6.12
5.97
6.16
6.05
6.09
6.08
6.1
6.06
6.01
6.14
6.09
6.09
6.13
6.06
6.12
6.14
6.11
6.08
6.09
6.12
6.06
6.12
6.02
6.06
6.18
6.16
6.01
6.08
6.15
6.14
6.13
6.11
6.01
6.05
6.17
6.09
6.08
6.11
6.08
6.04
6.13
6.19
6.13
6.09
6.15
6.09
6.13
6.12
6.08
5.99
6.15
6.07
6.05
6.12
6.09
6.04
6.1
6.02
6.05
6.12
6.07
6.15
6.1
6.19
6.09
6.04
6.09
6.15
6.08
6.09
6.1
6.12
6.14
6.1
6.1
6.02
6.12
6.11
6.05
6.01
6.11
6.02
6.02
6.06
6.01
6.13
6.13
6.09
6.14
6.16
6.01
6.19
6.06
6.04
6.04
6.12
6.06
6.12
5.98
6.07
6.09
6.1
6.03
6.13
6.12
5.97
6.16
6.04
6.09
6.1
6.09
6.06
6.01
6.14
6.09
6.08
6.14
6.07
6.11
6.14
6.12
6.08
6.09
6.12
6.06
6.12
6.02
6.06
6.19
6.16
6.01
6.08
6.15
6.15
6.12
6.11
5.99
6.01
6.05
6.17
6.07
6.09
6.12
6.09
6.05
6.12
6.18
6.13
6.09
6.14
6.08
6.13
6.11
6.08
5.99
6.16
6.07
6.05
6.12
6.1
6.03
6.1
6.02
6.05
6.12
6.07
6.14
6.09
6.18
6.08
6.04
6.08
6.14
6.07
6.1
6.1
6.12
6.13
6.1
6.09
6.02
6.11
6.11
6.05
6.02
6.1
6.03
6.02
6.06
6.13
6.13
6.08
6.14
6.15
6.01
6.19
6.06
6.04
6.04
6.11
6.05
6.12
5.98
6.08
6.08
6.1
6.02
6.12
6.11
5.97
6.16
6.05
6.09
6.09
6.1
6.06
6.02
6.14
6.09
6.08
6.14
6.06
6.11
6.13
6.11
6.08
6.09
6.14
6.05
6.12
6.02
6.05
6.18
6.15
6.01
6.07
6.14
6.14
6.12
6.1
6.01
6.05
6.18
6.08
6.09
6.11
6.08
6.04
6.13
6.19
6.13
6.09
6.14
6.08
6.13
6.1
6.08
6.14
6.07
6.06
6.12
6.1
6.03
6.09
6.02
6.06
6.12
6.06
6.14
6.09
6.2
6.09
6.04
6.08
6.15
6.07
6.09
6.11
6.12
6.14
6.1
6.1
6.02
6.11
6.11
6.05
6.02
6.11
6.03
6.02
6.06
6.13
6.13
6.08
6.13
6.16
6.01
6.18
6.06
6.05
6.04
6.13
6.06
6.11
5.99
6.07
6.12
6.1
6.03
6.13
6.12
5.97
6.15
6.06
6.1
6.08
6.09
6.06
6.02
6.14
6.1
6.08
6.13
6.06
6.11
6.14
6.11
6.07
6.08
6.13
6.05
6.13
6.01
6.05
6.18
6.15
6.01
6.07
6.14
6.14
6.11
6.1
6.01
6.05
6.16
6.07
6.08
6.11
6.08
6.04
6.12
6.19
6.14
6.09
6.14
6.08
6.13
6.11
6.08
5.99
6.13
6.07
6.05
6.11
6.09
6.03
6.09
6.02
6.05
6.12
6.06
6.14
6.08
6.19
6.08
6.04
6.09
6.14
6.07
6.1
6.1
6.12
6.14
6.1
6.09
6.02
6.11
6.11
6.05
6.02
6.1
6.02
6.02
6.05
5.99
6.13
6.13
6.08
6.13
6.16
6.01
6.18
6.06
6.04
6.03
6.11
6.05
6.11
5.99
6.07
6.09
6.1
6.02
6.12
6.12
5.97
6.16
6.05
6.09
6.09
6.09
6.06
6.01
6.14
6.09
6.09
6.13
6.06
6.12
6.14
6.11
6.07
6.08
6.12
6.05
6.12
6.02
6.06
6.18
6.15
6.02
6.07
6.15
6.14
6.12
6.11
6.01
6.05
6.17
6.07
6.08
6.11
6.08
6.04
6.12
6.18
6.13
6.09
6.14
6.09
6.13
6.11
6.08
5.99
6.14
6.07
6.04
6.11
6.1
6.03
6.09
6.01
6.06
6.12
6.07
6.14
6.09
6.19
6.09
6.03
6.09
6.14
6.07
6.09
6.1
6.12
6.14
6.1
6.09
6.01
6.12
6.11
6.05
6.02
6.1
6.03
6.02
6.06
6.13
6.13
6.08
6.13
6.16
6.01
6.2
6.06
6.05
6.04
6.12
6.05
6.11
5.99
6.07
6.09
6.1
6.02
6.12
6.12
5.97
6.16
6.05
6.1
6.08
6.1
6.06
6.02
6.14
6.09
6.08
6.15
6.07
6.13
6.14
6.11
6.07
6.08
6.12
6.05
6.12
6.02
6.06
6.18
6.17
6.02
6.07
6.15
6.14
6.11
6.11
5.99
6.01
6.05
6.17
6.07
6.08
6.11
6.08
6.04
6.13
6.18
6.13
6.09
6.15
6.09
6.14
6.11
6.08
5.99
6.14
6.07
6.05
6.12
6.1
6.03
6.1
6.02
6.05
6.12
6.07
6.14
6.08
6.19
6.09
6.04
6.09
6.15
6.07
6.09
6.11
6.12
6.14
6.1
6.1
6.01
6.11
6.11
6.05
6.03
6.1
6.03
6.02
6.06
6.13
6.13
6.08
6.13
6.16
6.01
6.18
6.06
6.04
6.03
6.1
6.05
6.11
5.98
6.08
6.09
6.1
6.02
6.12
6.12
5.97
6.16
6.05
6.1
6.08
6.09
6.06
6.01
6.14
6.09
6.08
6.13
6.06
6.11
6.13
6.11
6.07
6.08
6.12
6.05
6.12
6.02
6.05
6.17
6.16
6.01
6.07
6.14
6.14
6.11
6.11
