C:\Users\IdoYe\PycharmProjects\Research_Implementing\venv\Scripts\python.exe C:/Users/IdoYe/PycharmProjects/Research_Implementing/common/static_routing/multiple_matrices_MCF.py -p C:\Users\IdoYe\PycharmProjects\Research_Implementing\common\TMs_DB\ScaleFree70Nodes\ScaleFree70Nodes_tms_70X70_length_512_gravity_sparsity_0.3 -n 512
INFO:Creating Network Class
Network ScaleFree70Nodes has been created
INFO:LP Submit to Solve LP expected congestion, given network, TM list and probabilities
INFO:LP Submit to Solve LP expected congestion, given network, TM list and probabilities
  # Matrix    Congestion using multiple MCF - LP    Congestion using LP optimal    Ratio
----------  ------------------------------------  -----------------------------  -------
         0                                1.3566                       1.03125   1.31549
         1                                1.2902                       0.970206  1.32982
         2                                1.4775                       1.14541   1.28993
         3                                1.4813                       1.125     1.31671
         4                                1.3989                       1.10661   1.26414
         5                                1.7026                       1.29619   1.31354
         6                                1.5216                       1.14044   1.33423
         7                                1.3944                       1.05576   1.32076
         8                                1.5157                       1.18934   1.2744
         9                                1.4928                       1.08952   1.37015
        10                                1.2992                       0.998389  1.3013
        11                                1.6849                       1.31667   1.27967
        12                                1.2081                       0.998299  1.21016
        13                                1.4607                       1.20663   1.21056
        14                                1.2956                       1.03061   1.25712
        15                                1.4987                       1.13903   1.31577
        16                                1.19                         0.9831    1.21046
        17                                1.6345                       1.27936   1.2776
        18                                1.2387                       0.96133   1.28853
        19                                1.6823                       1.32653   1.2682
        20                                1.3587                       1.02143   1.3302
        21                                1.4248                       1.05612   1.34909
        22                                1.4935                       1.18956   1.25551
        23                                1.2611                       0.977144  1.2906
        24                                1.6593                       1.1922    1.39179
        25                                1.3895                       1.06728   1.3019
        26                                1.221                        0.925471  1.31933
        27                                1.5189                       1.18231   1.28469
        28                                1.3791                       1.07823   1.27904
        29                                1.5062                       1.23448   1.22011
        30                                1.6701                       1.24972   1.33638
        31                                1.3697                       1.01619   1.34787
        32                                1.412                        1.10306   1.28007
        33                                1.3747                       1.12628   1.22057
        34                                1.3831                       1.17092   1.18121
        35                                1.2881                       1.07936   1.19339
        36                                1.3434                       1.04943   1.28013
        37                                1.3889                       1.13536   1.22331
        38                                1.3711                       1.06314   1.28967
        39                                1.6534                       1.34257   1.23152
        40                                1.4874                       1.08897   1.36588
        41                                1.4172                       1.15476   1.22727
        42                                1.3368                       1.07526   1.24324
        43                                1.2592                       1.01735   1.23773
        44                                1.323                        0.999736  1.32335
        45                                1.5748                       1.26977   1.24022
        46                                1.3248                       1.01035   1.31124
        47                                1.1661                       0.918368  1.26975
        48                                1.5269                       1.25948   1.21233
        49                                1.3598                       1.09116   1.2462
        50                                1.5332                       1.18424   1.29467
        51                                1.6106                       1.26225   1.27598
        52                                1.4054                       1.18838   1.18262
        53                                1.4257                       1.07102   1.33117
        54                                1.5637                       1.33987   1.16705
        55                                1.3929                       0.989409  1.40781
        56                                1.5761                       1.25746   1.2534
        57                                1.2648                       0.973215  1.29961
        58                                1.3413                       1.16326   1.15305
        59                                1.7956                       1.58713   1.13135
        60                                1.6454                       1.30056   1.26515
        61                                1.2301                       0.965561  1.27397
        62                                1.3333                       1.072     1.24375
        63                                1.3885                       1.07213   1.29509
        64                                1.7587                       1.39482   1.26088
        65                                1.4627                       1.11264   1.31462
        66                                1.4049                       1.07449   1.3075
        67                                1.3377                       1.12075   1.19358
        68                                1.6936                       1.38929   1.21904
        69                                1.3536                       1.11735   1.21144
        70                                1.4859                       1.16047   1.28043
        71                                1.663                        1.33259   1.24795
        72                                1.4575                       1.13891   1.27973
        73                                1.5472                       1.18148   1.30955
        74                                1.4627                       1.0755    1.36002
        75                                1.593                        1.2575    1.2668
        76                                1.3745                       1.09949   1.25013
        77                                1.2078                       1.0102    1.1956
        78                                1.3914                       1.18027   1.17888
        79                                1.4239                       1.08595   1.3112
        80                                1.3819                       1.14826   1.20347
        81                                1.6599                       1.37206   1.20979
        82                                1.2218                       0.961225  1.27109
        83                                1.4235                       1.12142   1.26938
        84                                1.5835                       1.23737   1.27973
        85                                1.406                        1.08477   1.29612
        86                                1.6205                       1.18582   1.36656
        87                                1.3618                       1.06515   1.27851
        88                                1.2348                       1.04906   1.17706
        89                                1.2175                       1.02551   1.18721
        90                                1.6216                       1.35476   1.19696
        91                                1.4998                       1.16181   1.29092
        92                                1.5275                       1.24097   1.23089
        93                                1.3623                       1.05612   1.28991
        94                                1.7064                       1.37172   1.24399
        95                                1.371                        1.2398    1.10583
        96                                1.7414                       1.49014   1.16862
        97                                1.412                        1.07226   1.31684
        98                                1.8918                       1.53689   1.23093
        99                                1.2756                       1.10243   1.15708
       100                                1.3664                       1.0398    1.3141
       101                                1.2056                       0.989796  1.21803
       102                                1.5847                       1.21174   1.30779
       103                                1.5991                       1.26645   1.26266
       104                                1.6188                       1.24019   1.30528
       105                                1.6118                       1.2548    1.2845
       106                                1.2541                       1.00574   1.24694
       107                                1.3318                       1.02908   1.29417
       108                                1.5427                       1.26923   1.21546
       109                                1.5069                       1.24686   1.20856
       110                                1.3807                       1.07823   1.28052
       111                                1.414                        1.1511    1.22839
       112                                1.5754                       1.33769   1.1777
       113                                1.2495                       1.02041   1.22451
       114                                1.4089                       1.12245   1.2552
       115                                1.5122                       1.20465   1.2553
       116                                1.4745                       1.12965   1.30527
       117                                1.5241                       1.28129   1.1895
       118                                1.3438                       1.09184   1.23077
       119                                1.284                        1.05918   1.21225
       120                                1.4748                       1.12149   1.31503
       121                                1.8631                       1.54356   1.20701
       122                                1.6662                       1.43401   1.16191
       123                                1.869                        1.31269   1.42379
       124                                1.4162                       1.1085    1.27758
       125                                1.5883                       1.37166   1.15794
       126                                1.1959                       0.957908  1.24845
       127                                1.6527                       1.26531   1.30617
       128                                1.4085                       0.972239  1.44872
       129                                1.2983                       1.06186   1.22266
       130                                1.3268                       0.965249  1.37457
       131                                1.642                        1.2551    1.30826
       132                                1.4255                       1.15466   1.23457
       133                                1.3645                       1.07544   1.26879
       134                                1.6502                       1.42425   1.15864
       135                                1.2896                       0.880476  1.46466
       136                                1.7485                       1.39639   1.25216
       137                                1.67                         1.29419   1.29038
       138                                1.3549                       1.07857   1.2562
       139                                1.4528                       1.17602   1.23535
       140                                1.6151                       1.3683    1.18037
       141                                1.4747                       1.15844   1.27301
       142                                1.5265                       1.17347   1.30084
       143                                1.3805                       1.03061   1.33949
       144                                1.3132                       0.937436  1.40084
       145                                1.76                         1.32443   1.32887
       146                                1.5853                       1.28415   1.23452
       147                                1.4121                       1.10787   1.27461
       148                                1.4425                       1.08374   1.33104
       149                                1.3016                       0.957669  1.35913
       150                                1.6743                       1.20096   1.39413
       151                                1.6493                       1.38265   1.19285
       152                                1.2961                       1.04963   1.23482
       153                                1.5889                       1.28986   1.23184
       154                                1.6688                       1.27405   1.30984
       155                                1.4678                       1.21556   1.20751
       156                                1.5231                       1.17602   1.29513
       157                                1.3971                       1.22998   1.13587
       158                                1.4877                       1.15654   1.28633
       159                                1.5426                       1.13648   1.35735
       160                                1.4466                       1.04232   1.38786
       161                                1.1389                       0.987245  1.15361
       162                                1.3436                       1.03118   1.30297
       163                                1.4092                       1.1354    1.24115
       164                                1.6355                       1.24725   1.31128
       165                                1.4089                       1.12155   1.25621
       166                                1.3876                       1.16523   1.19084
       167                                1.4131                       1.18623   1.19126
       168                                1.3971                       1.1051    1.26423
       169                                1.2938                       1.15306   1.12206
       170                                1.4126                       1.06169   1.33052
       171                                1.3976                       1.06671   1.3102
       172                                1.4724                       1.18395   1.24363
       173                                1.4454                       1.10158   1.31212
       174                                1.3258                       1.00204   1.3231
       175                                1.2713                       1.00121   1.26977
       176                                1.5416                       1.14349   1.34815
       177                                1.4399                       1.12548   1.27937
       178                                1.5591                       1.23661   1.26079
       179                                1.3405                       0.987452  1.35753
       180                                1.5315                       1.24294   1.23216
       181                                1.3732                       1.03118   1.33168
       182                                1.7868                       1.46154   1.22255
       183                                1.6424                       1.29474   1.26852
       184                                1.3622                       1.05918   1.28608
       185                                1.5628                       1.21598   1.28522
       186                                1.5285                       1.36224   1.12204
       187                                1.5647                       1.23116   1.27091
       188                                1.3715                       1.17582   1.16642
       189                                1.4119                       1.24082   1.13788
       190                                1.5024                       1.11926   1.34232
       191                                1.6807                       1.29592   1.29692
       192                                1.3978                       1.1102    1.25905
       193                                1.2674                       0.98761   1.2833
       194                                1.2836                       0.960204  1.3368
       195                                1.6775                       1.42156   1.18004
       196                                1.2791                       1.01531   1.25982
       197                                1.5953                       1.2541    1.27207
       198                                1.3704                       1.03163   1.32838
       199                                1.328                        1.06201   1.25046
       200                                1.4524                       1.07949   1.34545
       201                                1.4724                       1.11607   1.31927
       202                                1.2585                       1.00046   1.25792
       203                                1.5599                       1.25646   1.2415
       204                                1.4338                       1.15424   1.2422
       205                                1.423                        1.1183    1.27246
       206                                1.3676                       1.1148    1.22677
       207                                1.4827                       1.13878   1.30201
       208                                1.4354                       1.2029    1.19328
       209                                1.2266                       0.955752  1.28339
       210                                1.4043                       1.09467   1.28285
       211                                1.4575                       1.09825   1.32711
       212                                1.5157                       1.26941   1.19402
       213                                1.513                        1.10427   1.37013
       214                                1.6441                       1.29584   1.26875
       215                                1.2629                       0.96978   1.30225
       216                                1.5413                       1.35241   1.13967
       217                                1.0685                       0.864564  1.23588
       218                                1.4588                       1.21429   1.20136
       219                                1.5308                       1.24745   1.22714
       220                                1.6009                       1.37974   1.16029
       221                                1.2104                       0.978742  1.23669
       222                                1.4424                       1.14147   1.26364
       223                                1.6166                       1.31314   1.2311
       224                                1.2473                       1.11429   1.11937
       225                                1.7075                       1.27944   1.33457
       226                                1.398                        1.14413   1.22189
       227                                1.5681                       1.30443   1.20213
       228                                1.5634                       1.12302   1.39214
       229                                1.4777                       1.3023    1.13469
       230                                1.3782                       1.21336   1.13586
       231                                1.4896                       1.23195   1.20914
       232                                1.3293                       1.01243   1.31298
       233                                1.2728                       1.01587   1.25291
       234                                1.5786                       1.18652   1.33045
       235                                1.4743                       1.19626   1.23243
       236                                1.6045                       1.38854   1.15553
       237                                1.376                        1.12143   1.22701
       238                                1.4539                       1.10223   1.31905
       239                                1.2937                       1.05612   1.22495
       240                                1.5069                       1.24184   1.21344
       241                                1.4865                       1.23088   1.20767
       242                                1.3459                       0.94021   1.43149
       243                                1.4764                       1.20526   1.22496
       244                                1.28                         1.05029   1.21871
       245                                1.2569                       0.952381  1.31974
       246                                1.3599                       1.07814   1.26134
       247                                1.675                        1.45251   1.15317
       248                                1.2228                       0.979592  1.24827
       249                                1.7766                       1.30166   1.36487
       250                                1.4171                       1.15561   1.22628
       251                                1.4891                       1.29042   1.15396
       252                                1.5192                       1.19694   1.26924
       253                                1.3117                       0.968368  1.35455
       254                                1.2979                       1.02934   1.26091
       255                                1.3534                       1.01361   1.33523
       256                                1.748                        1.39874   1.24969
       257                                1.4175                       1.11765   1.26829
       258                                1.7881                       1.52381   1.17344
       259                                1.5154                       1.2461    1.21611
       260                                1.4516                       1.16366   1.24745
       261                                1.3369                       1.01185   1.32124
       262                                1.5797                       1.18721   1.3306
       263                                1.5916                       1.36334   1.16743
       264                                1.395                        1.1301    1.2344
       265                                1.5596                       1.24873   1.24895
       266                                1.7123                       1.31005   1.30705
       267                                1.3427                       1.04097   1.28986
       268                                1.4749                       1.18307   1.24667
       269                                1.3302                       1.12245   1.18509
       270                                1.5502                       1.26304   1.22736
       271                                1.5281                       1.15434   1.32379
       272                                1.656                        1.29922   1.27461
       273                                1.3989                       1.22321   1.14363
       274                                1.5316                       1.13299   1.35182
       275                                1.6752                       1.2364    1.3549
       276                                1.2915                       1.03731   1.24505
       277                                1.5932                       1.3803    1.15424
       278                                1.3097                       0.997279  1.31327
       279                                1.6656                       1.26191   1.31991
       280                                1.366                        1.04719   1.30444
       281                                1.6623                       1.23395   1.34714
       282                                1.6272                       1.31633   1.23617
       283                                1.4641                       1.17953   1.24126
       284                                1.5191                       1.2971    1.17115
       285                                1.287                        1.01895   1.26306
       286                                1.3433                       1.03784   1.29432
       287                                1.424                        1.11146   1.2812
       288                                1.6182                       1.1756    1.37649
       289                                1.4921                       1.17653   1.26822
       290                                1.3815                       1.10505   1.25017
       291                                1.5634                       1.28375   1.21784
       292                                1.6972                       1.34184   1.26483
       293                                1.3681                       1.14116   1.19887
       294                                1.3938                       1.10544   1.26085
       295                                1.3813                       1.20153   1.14962
       296                                1.6443                       1.40934   1.16672
       297                                1.3445                       1.1       1.22227
       298                                1.4688                       1.03273   1.42224
       299                                1.3532                       1.04082   1.30013
       300                                1.4467                       1.09439   1.32193
       301                                1.4256                       1.11769   1.27549
       302                                1.6143                       1.31565   1.227
       303                                1.3501                       1.10605   1.22065
       304                                1.4197                       1.18367   1.1994
       305                                1.546                        1.27787   1.20983
       306                                1.2724                       1         1.2724
       307                                1.252                        0.977551  1.28075
       308                                1.2739                       0.972577  1.30982
       309                                1.4266                       1.02301   1.39451
       310                                1.5397                       1.20401   1.27881
       311                                1.9191                       1.58477   1.21096
       312                                1.4914                       1.1801    1.2638
       313                                1.2984                       0.974098  1.33293
       314                                1.3811                       1.07806   1.2811
       315                                1.5732                       1.28954   1.21997
       316                                1.4964                       1.13229   1.32157
       317                                1.2358                       0.919182  1.34446
       318                                1.1995                       0.95055   1.2619
       319                                1.4444                       1.11665   1.29352
       320                                1.5682                       1.18662   1.32157
       321                                1.2065                       0.970663  1.24296
       322                                1.3881                       1.09566   1.2669
       323                                1.3668                       1.1577    1.18062
       324                                1.3671                       0.948724  1.44099
       325                                1.4116                       1.04241   1.35417
       326                                1.4022                       1.0199    1.37484
       327                                1.4018                       1.13776   1.23208
       328                                1.4149                       1.1619    1.21774
       329                                1.5671                       1.23352   1.27043
       330                                1.5769                       1.12653   1.39978
       331                                1.4219                       1.16224   1.22341
       332                                1.5525                       1.32339   1.17312
       333                                1.4911                       1.20536   1.23706
       334                                1.5155                       1.28231   1.18185
       335                                1.8399                       1.4686    1.25282
       336                                1.4697                       1.23852   1.18666
       337                                1.5736                       1.27276   1.23637
       338                                1.5881                       1.28729   1.23368
       339                                1.592                        1.26225   1.26124
       340                                1.7128                       1.32125   1.29635
       341                                1.3701                       1.00612   1.36176
       342                                1.2431                       1.08546   1.14523
       343                                1.5431                       1.22203   1.26273
       344                                1.7208                       1.29892   1.32479
       345                                1.5331                       1.20955   1.2675
       346                                1.7647                       1.39953   1.26092
       347                                1.4794                       1.26688   1.16775
       348                                1.4945                       1.19231   1.25345
       349                                1.1964                       1.0727    1.11531
       350                                1.8221                       1.48666   1.22564
       351                                1.2791                       1.09439   1.16878
       352                                1.3942                       1.10361   1.26331
       353                                1.4684                       1.1977    1.22601
       354                                1.6514                       1.28231   1.28783
       355                                1.4726                       1.2033    1.2238
       356                                1.461                        1.1352    1.28699
       357                                1.3928                       1.1824    1.17795
       358                                1.5918                       1.11922   1.42224
       359                                1.5505                       1.24603   1.24435
       360                                1.6434                       1.38815   1.18388
       361                                1.6197                       1.38972   1.16549
       362                                1.6986                       1.26441   1.34339
       363                                1.1981                       1.02211   1.17218
       364                                1.6584                       1.3064    1.26944
       365                                1.4428                       1.08929   1.32454
       366                                1.5163                       1.08227   1.40104
       367                                1.3633                       1.12755   1.20908
       368                                1.4195                       1.12017   1.26721
       369                                1.5003                       1.25981   1.19089
       370                                1.4536                       1.19728   1.21409
       371                                1.5273                       1.21843   1.2535
       372                                1.2871                       1.08163   1.18996
       373                                1.5704                       1.23641   1.27013
       374                                1.5796                       1.27424   1.23965
       375                                1.0711                       0.873725  1.2259
       376                                1.3841                       1.15689   1.1964
       377                                1.2941                       0.981505  1.31849
       378                                1.7727                       1.47331   1.20321
       379                                1.6428                       1.34439   1.22197
       380                                1.8354                       1.49843   1.22488
       381                                1.6849                       1.43564   1.17363
       382                                1.3849                       1.13606   1.21904
       383                                1.6644                       1.32143   1.25955
       384                                1.279                        0.978742  1.30678
       385                                1.6213                       1.31593   1.23205
       386                                1.566                        1.17394   1.33397
       387                                1.5368                       1.24286   1.23651
       388                                1.2711                       1.04592   1.2153
       389                                1.6172                       1.17426   1.3772
       390                                1.7328                       1.32627   1.30652
       391                                1.3371                       1.02925   1.2991
       392                                1.2409                       0.931926  1.33154
       393                                1.5815                       1.21978   1.29654
       394                                1.3846                       1.09545   1.26396
       395                                1.2942                       1.0036    1.28956
       396                                1.5629                       1.19165   1.31155
       397                                1.4305                       1.22832   1.1646
       398                                1.2479                       0.981633  1.27125
       399                                1.7115                       1.47999   1.15643
       400                                1.5118                       1.24058   1.21862
       401                                1.2768                       1.09898   1.1618
       402                                1.1466                       0.971939  1.1797
       403                                1.4679                       1.18485   1.23889
       404                                1.3323                       1.02755   1.29658
       405                                1.3067                       1.0167    1.28524
       406                                1.3145                       1.01429   1.29599
       407                                1.5582                       1.23911   1.25751
       408                                1.3778                       1.06211   1.29723
       409                                1.654                        1.30872   1.26383
       410                                1.5641                       1.23077   1.27083
       411                                1.4864                       1.24568   1.19324
       412                                1.3871                       1.15598   1.19994
       413                                1.3807                       1.14762   1.2031
       414                                1.2528                       0.915306  1.36872
       415                                1.4193                       1.11769   1.26985
       416                                1.4361                       1.10828   1.2958
       417                                1.4041                       1.08311   1.29636
       418                                1.5423                       1.13571   1.358
       419                                1.5578                       1.17411   1.3268
       420                                1.6129                       1.32692   1.21552
       421                                1.5804                       1.2688    1.24559
       422                                1.5679                       1.0574    1.48279
       423                                1.4429                       1.26276   1.14266
       424                                1.4011                       1.11607   1.25538
       425                                1.3427                       1.08107   1.24201
       426                                1.4316                       1.18603   1.20705
       427                                1.6037                       1.11132   1.44306
       428                                1.4853                       1.25118   1.18712
       429                                1.4607                       1.17137   1.247
       430                                1.6002                       1.22181   1.3097
       431                                1.6619                       1.23133   1.34967
       432                                1.4573                       1.20714   1.20723
       433                                1.3227                       1.06888   1.23747
       434                                1.7875                       1.49097   1.19888
       435                                1.6504                       1.28061   1.28876
       436                                1.4739                       1.18805   1.24061
       437                                1.5616                       1.25275   1.24654
       438                                1.3909                       1.07339   1.2958
       439                                1.5865                       1.31554   1.20597
       440                                1.5625                       1.39129   1.12306
       441                                1.3145                       0.997449  1.31786
       442                                1.6721                       1.36303   1.22675
       443                                1.6901                       1.32771   1.27295
       444                                1.3821                       1.12373   1.22993
       445                                1.2977                       1.00829   1.28703
       446                                1.3586                       1.02577   1.32446
       447                                1.5147                       1.24646   1.2152
       448                                1.5089                       1.22488   1.23187
       449                                1.6289                       1.28571   1.26692
       450                                1.7266                       1.44663   1.19354
       451                                1.2818                       0.994473  1.28892
       452                                1.6607                       1.29945   1.278
       453                                1.4103                       1.16395   1.21165
       454                                1.4606                       1.19242   1.2249
       455                                1.391                        1.19898   1.16015
       456                                1.5813                       1.21075   1.30605
       457                                1.6246                       1.3466    1.20645
       458                                1.4225                       1.17959   1.20593
       459                                1.3701                       1.02911   1.33134
       460                                1.4478                       1.11862   1.29427
       461                                1.4276                       1.10459   1.29242
       462                                1.5153                       1.29239   1.17248
       463                                1.5489                       1.2517    1.23744
       464                                1.4634                       1.11888   1.30791
       465                                1.5504                       1.24864   1.24167
       466                                1.3198                       1.03061   1.2806
       467                                1.6435                       1.29867   1.26553
       468                                1.4869                       1.20007   1.23901
       469                                1.2698                       1.01403   1.25223
       470                                1.6189                       1.2374    1.30831
       471                                1.7619                       1.5522    1.1351
       472                                1.2918                       0.993398  1.30039
       473                                1.1313                       0.927721  1.21944
       474                                1.4739                       1.15408   1.27712
       475                                1.2822                       1.14626   1.1186
       476                                1.2367                       0.97449   1.26907
       477                                1.5642                       1.29177   1.21089
       478                                1.5458                       1.44133   1.07248
       479                                1.2107                       0.989796  1.22318
       480                                1.6801                       1.30464   1.28778
       481                                1.6531                       1.354     1.2209
       482                                1.1153                       0.943878  1.18161
       483                                1.3442                       1.0727    1.25309
       484                                1.5501                       1.38571   1.11863
       485                                1.2961                       1.0021    1.29338
       486                                1.6964                       1.25765   1.34886
       487                                1.2177                       1.01531   1.19934
       488                                1.6307                       1.21684   1.34011
       489                                1.3759                       1.17092   1.17506
       490                                1.6908                       1.22213   1.38348
       491                                1.599                        1.33742   1.19559
       492                                1.4227                       1.17443   1.2114
       493                                1.449                        1.2186    1.18907
       494                                1.3773                       1.05603   1.30422
       495                                1.3103                       1.05204   1.24548
       496                                1.6028                       1.22959   1.30352
       497                                1.2793                       1.06308   1.20339
       498                                1.6915                       1.25348   1.34944
       499                                1.4908                       1.22524   1.21674
       500                                1.4563                       1.16582   1.24917
       501                                1.3634                       1.16569   1.16961
       502                                1.459                        1.28689   1.13374
       503                                1.4743                       1.14184   1.29117
       504                                1.8588                       1.49681   1.24184
       505                                1.3223                       1.0102    1.30894
       506                                1.3904                       1.1949    1.16361
       507                                1.4064                       1.0433    1.34802
       508                                1.5027                       1.22371   1.22799
       509                                1.444                        1.13792   1.26899
       510                                1.3504                       1.1354    1.18936
       511                                1.2399                       0.997085  1.24352
LP Expected Objective :1.4649537776562833

Process finished with exit code 0