6.4
6.57
6.55
6.43
6.04
6.13
5.97
6.42
6.04
6.14
6.05
5.87
6.22
5.8
5.65
5.7
5.43
5.46
5.41
5.12
5.17
4.7
4.83
4.77
4.77
4.17
4.5
4.52
4.33
4.08
3.96
4.04
3.93
3.78
3.75
3.81
3.81
3.65
3.74
3.4
3.29
3.38
3.32
3.27
3.06
2.93
3.17
2.86
2.88
2.91
2.94
2.87
2.96
2.73
2.8
2.55
2.73
2.72
2.44
2.74
2.48
2.54
2.44
2.52
2.48
2.45
2.42
2.29
2.31
2.32
2.33
2.35
2.35
2.16
2.23
2.27
2.15
2.04
2.07
2.25
2.08
2.22
2.04
2.1
2.21
2.05
1.95
1.94
1.99
1.95
1.96
2.06
2.01
2.0
1.99
2.0
1.93
1.9
2.0
1.87
1.95
1.93
1.93
1.93
1.89
1.92
1.9
1.86
1.94
1.85
1.92
1.83
1.74
1.91
1.79
1.77
1.78
1.85
1.78
1.91
1.77
1.87
1.81
1.78
1.78
1.82
1.76
1.77
1.83
1.7
1.81
1.81
1.75
1.8
1.83
1.79
1.76
1.7
1.76
1.72
1.71
1.71
1.74
1.64
1.69
1.65
1.68
1.69
1.68
1.76
1.67
1.61
1.68
1.7
1.67
1.67
1.7
1.69
1.65
1.65
1.64
1.61
1.64
1.67
1.65
1.7
1.57
1.67
1.69
1.62
1.57
1.59
1.66
1.67
1.7
1.67
1.67
1.69
1.6
1.6
1.61
1.65
1.67
1.62
1.56
1.6
1.62
1.6
1.55
1.58
1.6
1.63
1.65
1.55
1.57
1.53
1.55
1.58
1.58
1.52
1.58
1.54
1.56
1.59
1.48
1.5
1.53
1.53
1.59
1.55
1.56
1.5
1.52
1.51
1.53
1.51
1.52
1.5
1.47
1.49
1.48
1.53
1.47
1.5
1.5
1.5
1.5
1.48
1.51
1.46
1.48
1.46
1.49
1.48
1.47
1.46
1.52
1.45
1.47
1.5
1.41
1.45
1.48
1.43
1.47
1.46
1.47
1.46
1.49
1.44
1.44
1.45
1.43
1.46
1.45
1.46
1.43
1.45
1.42
1.41
1.44
1.4
1.42
1.44
1.43
1.43
1.39
1.43
1.43
1.42
1.43
1.39
1.41
1.42
1.45
1.45
1.44
1.37
1.49
1.41
1.4
1.41
1.41
1.43
1.42
1.42
1.45
1.4
1.38
1.46
1.44
1.41
1.4
1.39
1.38
1.35
1.42
1.41
1.34
1.38
1.42
1.37
1.39
1.36
1.33
1.39
1.37
1.38
1.37
1.37
1.37
1.34
1.34
1.37
1.37
1.38
1.41
1.35
1.37
1.35
1.35
1.34
1.33
1.32
1.36
1.34
1.36
1.34
1.37
1.36
1.34
1.33
1.32
1.32
1.37
1.31
1.33
1.28
1.36
1.33
1.36
1.38
1.33
1.32
1.32
1.32
1.33
1.31
1.34
1.31
1.29
1.31
1.33
1.32
1.28
1.34
1.32
1.31
1.27
1.35
1.25
1.29
1.27
1.31
1.32
1.29
1.3
1.28
1.3
1.3
1.31
1.28
1.29
1.27
1.28
1.3
1.29
1.27
1.27
1.28
1.29
1.28
1.33
1.26
1.25
1.31
1.27
1.29
1.27
1.28
1.26
1.27
1.24
1.26
1.28
1.27
1.26
1.29
1.3
1.27
1.28
1.25
1.32
1.29
1.24
1.24
1.24
1.28
1.27
1.25
1.26
1.25
1.25
1.27
1.23
1.23
1.26
1.24
1.24
1.23
1.24
1.22
1.26
1.24
1.24
1.25
1.24
1.23
1.2
1.22
1.21
1.21
1.25
1.2
1.21
1.22
1.24
1.23
1.25
1.22
1.27
1.24
1.23
1.25
1.26
1.24
1.23
1.24
1.23
1.23
1.22
1.25
1.22
1.23
1.22
1.21
1.21
1.21
1.19
1.22
1.21
1.19
1.22
1.22
1.2
1.22
1.19
1.23
1.22
1.2
1.2
1.22
1.2
1.17
1.22
1.19
1.2
1.18
1.19
1.19
1.2
1.18
1.18
1.19
1.17
1.18
1.24
1.19
1.19
1.18
1.19
1.18
1.21
1.2
1.21
1.17
1.19
1.17
1.18
1.19
1.18
1.18
1.2
1.19
1.18
1.18
1.18
1.22
1.19
1.18
1.17
1.17
1.19
1.17
1.2
1.19
1.2
1.17
1.16
1.15
1.17
1.18
1.18
1.16
1.19
1.2
1.18
1.18
1.19
1.17
1.18
1.18
1.18
1.15
1.16
1.16
1.17
1.18
1.17
1.17
1.15
1.17
1.17
1.15
1.16
1.15
1.17
1.15
1.16
1.15
1.16
1.15
1.14
1.15
1.16
1.14
1.16
1.16
1.16
1.17
1.14
1.16
1.15
1.14
1.15
1.15
1.17
1.15
1.14
1.16
1.15
1.14
1.15
1.16
1.19
1.17
1.17
1.16
1.16
1.15
1.15
1.15
1.16
1.14
1.15
1.15
1.15
1.15
1.15
1.14
1.14
1.14
1.13
1.14
1.13
1.13
1.14
1.13
1.13
1.14
1.15
1.16
1.14
1.13
1.16
1.12
1.12
1.14
1.15
1.13
1.15
1.13
1.13
1.15
1.14
1.15
1.14
1.14
1.15
1.13
1.13
1.13
1.13
1.13
1.13
1.15
1.15
1.14
1.13
1.13
1.14
1.12
1.15
1.13
1.13
1.14
1.13
1.13
1.13
1.13
1.13
1.14
1.13
1.16
1.13
1.13
1.13
1.14
1.13
1.13
1.13
1.13
1.13
1.13
1.13
1.13
1.12
1.11
1.11
1.12
1.12
1.12
1.12
1.12
1.11
1.13
1.13
1.12
1.12
1.11
1.12
1.12
1.14
1.12
1.12
1.12
1.12
1.11
1.11
1.11
1.11
1.11
1.11
1.11
1.1
1.1
1.11
1.1
1.12
1.11
1.11
1.11
1.11
1.11
1.1
1.1
1.1
1.11
1.11
1.11
1.11
1.1
1.11
1.1
1.11
1.11
1.11
1.11
1.1
1.11
1.1
1.1
1.11
1.1
1.1
1.1
1.1
1.11
1.1
1.09
1.1
1.09
1.11
1.1
1.11
1.1
1.1
1.1
1.11
1.11
1.1
1.09
1.1
1.1
1.09
1.1
1.1
1.1
1.1
1.1
1.1
1.09
1.1
1.1
1.11
1.09
1.1
1.1
1.1
1.1
1.1
1.09
1.1
1.1
1.09
1.1
1.09
1.1
1.09
1.1
1.1
1.09
1.09
1.09
1.09
1.09
1.09
1.09
1.09
1.12
1.09
1.09
1.09
1.09
1.09
1.1
1.09
1.09
1.1
1.09
1.09
1.09
1.09
1.09
1.09
1.1
1.08
1.09
1.09
1.09
1.09
1.1
1.1
1.1
1.09
1.08
1.09
1.08
1.09
1.09
1.09
1.09
1.09
1.08
1.09
1.08
1.08
1.08
1.09
1.08
1.09
1.08
1.08
1.08
1.09
1.09
1.11
1.09
1.08
1.09
1.09
1.09
1.1
1.09
1.09
1.09
1.09
1.08
1.09
1.09
1.08
1.09
1.08
1.09
1.08
1.09
1.09
1.09
1.09
1.08
1.08
1.09
1.09
1.09
1.08
1.09
1.09
1.09
1.08
1.1
1.1
1.09
1.09
1.08
1.08
1.09
1.08
1.08
1.08
1.08
1.08
1.09
1.08
1.08
1.08
1.08
1.09
1.09
1.09
1.08
1.08
1.08
1.08
1.09
1.09
1.09
1.09
1.08
1.08
1.08
1.09
1.09
1.09
1.08
1.08
1.09
1.08
1.08
1.08
1.08
1.09
1.08
1.08
1.08
1.08
1.08
1.08
1.09
1.08
1.08
1.09
1.08
1.09
1.08
1.08
1.08
1.09
1.08
1.08
1.08
1.08
1.09
1.08
1.08
1.08
1.08
1.08
1.08
1.08
1.08
1.08
1.08
1.1
1.08
1.07
1.08
1.08
1.08
1.08
1.08
1.08
1.09
1.08
1.08
1.08
1.09
1.08
1.09
1.08
1.08
1.09
1.08
1.08
1.08
1.08
1.08
1.08
1.08
1.08
1.09
1.08
1.09
1.09
1.09
1.08
1.07
1.09
1.08
1.08
1.08
1.08
1.09
1.08
1.08
1.08
1.08
1.09
1.08
1.07
1.07
1.08
1.08
1.08
1.08
1.08
1.07
1.08
1.08
1.08
1.08
1.08
1.08
1.07
1.07
1.07
1.08
1.08
1.07
1.07
1.08
1.08
1.08
1.07
1.08
1.08
1.08
1.09
1.08
1.09
1.08
1.08
1.08
1.08
1.08
1.08
1.08
1.08
1.08
1.08
1.08
1.08
1.09
1.09
1.09
1.09
1.09
1.09
1.08
1.08
1.08
1.08
1.08
1.09
1.08
1.09
1.09
1.09
1.09
1.08
1.08
1.08
1.09
1.09
1.09
1.08
1.08
1.08
1.08
1.08
1.09
1.09
1.09
1.08
1.08
1.08
1.08
1.09
1.09
1.1
1.1
1.09
1.09
1.09
1.08
1.09
1.08
1.08
1.09
1.1
1.09
1.09
1.1
1.1
1.09
1.09
1.1
1.09
1.09
1.09
1.1
1.11
1.1
1.1
1.1
1.09
1.1
1.1
1.1
1.1
1.1
1.1
1.1
1.1
1.1
1.1
1.1
1.11
1.1
1.1
1.11
1.1
1.1
1.09
1.1
1.09
1.09
1.09
1.09
1.09
1.09
1.09
1.09
1.08
1.09
1.09
1.09
1.09
1.09
1.09
1.08
1.08
1.09
1.08
1.09
1.09
1.08
1.08
1.09
1.09
1.09
1.09
1.09
1.09
1.1
1.08
1.09
1.09
1.1
1.09
1.09
1.08
1.09
1.08
1.08
1.08
1.08
1.09
1.09
1.09
1.08
1.09
1.11
1.09
1.09
1.08
1.1
1.09
1.09
1.09
1.09
1.09
1.09
1.09
1.09
1.09
1.09
1.09
1.09
1.09
1.1
1.09
1.09
1.1
1.09
1.08
1.09
1.09
1.09
1.09
1.09
1.09
1.1
1.09
1.09
1.09
1.09
1.09
1.1
1.09
1.09
1.09
1.09
1.09
1.1
1.09
1.09
1.1
1.09
1.09
1.09
1.09
1.09
1.09
1.09
1.09
1.09
1.09
1.09
1.09
1.08
1.09
1.09
1.09
1.1
1.09
1.09
1.09
1.09
1.1
1.1
1.1
1.1
1.1
1.09
1.09
1.09
1.09
1.09
1.09
1.08
1.09
1.09
1.09
1.09
1.1
1.09
1.09
1.09
1.09
1.09
1.09
1.09
1.09
1.1
1.09
1.1
1.11
1.09
1.09
1.09
1.1
1.09
1.09
1.1
1.09
1.09
1.09
1.09
1.08
1.08
1.08
1.08
1.08
1.08
1.09
1.09
1.09
1.09
1.09
1.08
1.08
1.08
1.09
1.09
1.09
1.08
1.09
1.08
1.1
1.09
1.09
1.09
1.08
1.1
1.09
1.09
1.09
1.1
1.09
1.09
1.09
1.09
1.09
1.09
1.09
1.09
1.08
1.09
1.09
1.09
1.08
1.08
1.08
1.08
1.09
1.09
1.1
1.09
1.09
1.09
1.08
1.08
1.08
1.08
1.09
1.09
1.09
1.09
1.09
1.09
1.09
1.09
1.1
1.1
1.1
1.1
1.1
1.09
1.1
1.09
1.1
1.09
1.09
1.1
1.09
1.1
1.09
1.09
1.09
1.09
1.09
1.09
1.09
1.1
1.09
1.09
1.09
1.09
1.09
1.09
1.09
1.08
1.09
1.09
1.09
1.09
1.09
1.09
1.09
1.09
1.09
1.09
1.08
1.08
1.09
1.09
1.09
1.08
1.1
1.09
1.09
1.1
1.09
1.09
1.09
1.09
1.09
1.09
1.09
1.09
1.09
1.09
1.09
1.09
1.09
1.09
1.09
1.09
1.09
1.08
1.09
1.09
1.09
1.08
1.08
1.08
1.09
1.09
1.09
1.08
1.09
1.09
1.09
1.08
1.08
1.08
1.08
1.09
1.08
1.08
1.08
1.08
1.09
1.08
1.08
1.09
1.08
1.08
1.09
1.08
1.08
1.08
1.09
1.08
1.08
1.09
1.09
1.09
1.09
1.08
1.08
1.08
1.08
1.09
1.09
1.08
1.09
1.09
1.09
1.08
1.09
1.08
1.09
1.08
1.08
1.08
1.08
1.09
1.08
1.09
1.08
1.08
1.08
1.09
1.09
1.08
1.08
1.08
1.09
1.09
1.09
1.09
1.09
1.09
1.09
1.08
1.08
1.09
1.08
1.08
1.08
1.08
1.09
1.09
1.08
1.08
1.08
1.08
1.09
1.08
1.09
1.09
1.09
1.08
1.08
1.08
1.08
1.08
1.08
1.08
1.08
1.08
1.08
1.07
1.07
1.08
1.08
1.08
1.08
1.08
1.08
1.08
1.08
1.08
1.08
1.08
1.08
1.08
1.07
1.08
1.08
1.08
1.08
1.08
1.08
1.08
1.08
1.08
1.08
1.08
1.08
1.08
1.08
1.08
1.08
1.08
1.08
1.08
1.08
1.08
1.09
1.08
1.08
1.08
1.08
1.08
1.09
1.08
1.08
1.08
1.08
1.08
1.08
1.08
1.09
1.09
1.08
1.08
1.08
1.08
1.07
1.07
1.08
1.08
1.08
1.08
1.08
1.07
1.08
1.08
1.08
1.08
1.08
1.08
1.08
1.07
1.08
1.08
1.08
1.08
1.08
1.08
1.08
1.07
1.07
1.07
1.08
1.08
1.08
1.08
1.08
1.08
1.09
1.08
1.08
1.08
1.09
1.08
1.09
1.08
1.09
1.09
1.09
1.08
1.09
1.09
1.09
1.09
1.09
1.08
1.08
1.08
1.08
1.08
1.08
1.08
1.08
1.09
1.08
1.09
1.09
1.08
1.09
1.08
1.08
1.08
1.08
1.08
1.08
1.09
1.09
1.09
1.08
1.09
1.08
1.08
1.08
1.08
1.09
1.08
1.09
1.09
1.08
1.08
1.08
1.09
1.09
1.08
1.09
1.09
1.08
1.09
1.09
1.09
1.08
1.08
1.08
1.08
1.09
1.08
1.08
1.09
1.09
1.09
1.09
1.09
1.09
1.09
1.08
1.08
1.08
1.08
1.08
1.08
1.08
1.08
1.08
1.08
1.08
1.08
1.08
1.08
1.09
1.08
1.09
1.09
1.08
1.09
1.09
1.09
1.09
1.09
1.08
1.09
1.09
1.09
1.08
1.09
1.08
1.09
1.08
1.09
1.09
1.09
1.09
1.08
1.08
1.09
1.09
1.09
1.09
1.09
1.09
1.09
1.09
1.09
1.09
1.08
1.09
1.09
1.09
1.09
1.1
1.09
1.09
1.09
1.09
1.09
1.09
1.08
1.08
1.08
1.08
1.08
1.08
1.09
1.08
1.08
1.08
1.08
1.08
1.08
1.08
1.07
1.08
1.08
1.08
1.07
1.08
1.08
1.08
1.08
1.08
1.08
1.08
1.09
1.09
1.08
1.09
1.08
1.09
1.08
1.08
1.09
1.08
1.09
1.09
1.08
1.09
1.09
1.1
1.09
1.1
1.09
1.09
1.09
1.1
1.09
1.1
1.09
1.09
1.09
1.09
1.09
1.09
1.09
1.09
1.09
1.09
1.09
1.09
1.09
1.09
1.08
1.08
1.09
1.09
1.08
1.08
1.08
1.08
1.08
1.08
1.08
1.08
1.08
1.07
1.08
1.08
1.08
1.08
1.08
1.09
1.08
1.09
1.08
1.08
1.08
1.08
1.09
1.08
1.08
1.08
1.08
1.08
1.08
1.08
1.08
1.09
1.09
1.09
1.1
1.09
1.09
1.09
1.09
1.09
1.09
1.11
1.1
1.09
1.1
1.09
1.1
1.1
1.1
1.1
1.1
1.1
1.1
1.1
1.09
1.1
1.09
1.09
1.11
1.1
1.1
1.1
1.1
1.1
1.09
1.09
1.1
1.1
1.09
1.1
1.09
1.1
1.1
1.09
1.09
1.1
1.1
1.09
1.1
1.09
1.09
1.09
1.09
1.09
1.1
1.09
1.09
1.09
1.09
1.09
1.09
1.08
1.08
1.08
1.08
1.08
1.08
1.09
1.09
1.09
1.09
1.08
1.09
1.08
1.09
1.08
1.09
1.08
1.08
1.08
1.08
1.08
1.08
1.08
1.08
1.08
1.08
1.08
1.09
1.09
1.1
1.1
1.09
1.1
1.1
1.1
1.1
1.1
1.09
1.09
1.1
1.09
1.09
1.09
1.09
1.09
1.09
1.1
1.09
1.09
1.09
1.09
1.1
1.09
1.09
1.09
1.09
1.09
1.1
1.08
1.09
1.09
1.09
1.09
1.08
1.08
1.08
1.09
1.08
1.08
1.08
1.09
1.08
1.08
1.1
1.09
1.08
1.08
1.08
1.08
1.09
1.08
1.08
1.08
1.09
1.08
1.08
1.09
1.09
1.08
1.08
1.08
1.09
1.08
1.08
1.08
1.08
1.09
1.09
1.08
1.08
1.09
1.09
1.09
1.09
1.09
1.09
1.09
1.08
1.08
1.08
1.08
1.08
1.08
1.08
1.09
1.08
1.08
1.08
1.08
1.08
1.08
1.08
1.08
1.08
1.08
1.08
1.08
1.08
1.08
1.08
1.08
1.08
1.09
1.08
1.09
1.08
1.09
1.09
1.09
1.09
1.09
1.09
1.09
1.08
1.09
1.09
1.09
1.09
1.09
1.09
1.09
1.1
1.1
1.1
1.09
1.09
1.1
1.1
1.09
1.09
1.09
1.09
1.09
1.1
1.09
1.1
1.09
1.09
1.09
1.09
1.09
1.09
1.09
1.09
1.09
1.09
1.08
1.09
1.08
1.08
1.08
1.08
1.08
1.08
1.08
1.09
1.09
1.08
1.08
1.08
1.08
1.08
1.08
1.09
1.08
1.09
1.08
1.08
1.08
1.08
1.09
1.08
1.07
1.07
1.08
1.08
1.08
1.08
1.08
1.08
1.07
1.07
1.07
1.07
1.07
1.07
1.07
1.07
1.08
1.08
1.08
1.07
1.08
1.08
1.08
1.08
1.08
1.08
1.08
1.08
1.08
1.08
1.08
1.08
1.08
1.08
1.08
1.08
1.08
1.09
1.09
1.08
1.08
1.09
1.09
1.09
1.09
1.08
1.1
1.09
1.09
1.09
1.09
1.09
1.09
1.08
1.08
1.09
1.08
1.08
1.08
1.09
1.09
1.08
1.09
1.08
1.08
1.09
1.09
1.1
1.09
1.09
1.09
1.09
1.08
1.09
1.1
1.09
1.09
1.09
1.09
1.1
1.09
1.09
1.09
1.09
1.1
1.1
1.09
1.09
1.09
1.09
1.09
1.09
1.09
1.09
1.1
1.09
1.09
1.09
1.09
1.09
1.09
1.09
1.1
1.09
1.09
1.09
1.1
1.09
1.09
1.09
1.09
1.09
1.08
1.09
1.09
1.08
1.09
1.09
1.09
1.08
1.08
1.08
1.08
1.08
1.08
1.08
1.08
1.08
1.08
1.08
1.08
1.08
1.08
1.08
1.08
1.08
1.08
1.07
1.08
1.07
1.07
1.07
1.08
1.08
1.08
1.08
1.08
1.08
1.08
1.08
1.08
1.08
1.08
1.08
1.08
1.08
1.08
1.08
1.08
1.07
1.08
1.08
1.08
1.08
1.07
1.07
1.07
1.08
1.08
1.08
1.08
1.08
1.08
1.08
1.08
1.08
1.08
1.09
1.09
1.08
1.08
1.08
1.09
1.09
1.09
1.08
1.09
1.08
1.08
1.08
1.08
1.08
1.08
1.09
1.09
1.09
1.09
1.09
1.1
1.09
1.09
1.09
1.1
1.09
1.09
1.09
1.09
1.09
1.09
1.09
1.1
1.09
1.09
1.1
1.1
1.09
1.09
1.09
1.09
1.09
1.08
1.08
1.08
1.08
1.09
1.09
1.09
1.09
1.08
1.09
1.09
1.09
1.09
1.08
1.09
1.09
1.09
1.08
1.09
1.09
1.09
1.08
1.08
1.09
1.08
1.09
1.09
1.09
1.09
1.09
1.09
1.09
1.1
1.09
1.09
1.09
1.09
1.09
1.09
1.09
1.09
1.09
1.08
1.09
1.09
1.09
1.09
1.08
1.08
1.08
1.08
1.09
1.09
1.09
1.09
1.09
1.09
1.09
1.09
1.09
1.09
1.09
1.1
1.09
1.09
1.09
1.1
1.09
1.09
1.09
1.09
1.09
1.09
1.09
1.09
1.09
1.09
1.09
1.1
1.09
1.09
1.1
1.1
1.09
1.1
1.09
1.09
1.09
1.09
1.1
1.09
1.09
1.09
1.09
1.09
1.09
1.09
1.09
1.09
1.09
1.09
1.09
1.09
1.09
1.09
1.09
1.09
1.09
1.09
1.09
1.09
1.09
1.1
1.09
1.09
1.09
1.09
1.09
1.09
1.09
1.09
1.09
1.09
1.09
1.09
1.09
1.09
1.1
1.09
1.09
1.09
1.1
1.09
1.09
1.09
1.09
1.09
1.09
1.09
1.09
1.08
1.08
1.09
1.09
1.09
1.09
1.09
1.09
1.09
1.09
1.09
1.09
1.09
1.09
1.09
1.09
1.09
1.09
1.09
1.09
1.09
1.09
1.09
1.09
1.09
1.09
1.09
1.09
1.09
1.09
1.09
1.09
1.09
1.08
1.09
1.09
1.09
1.09
1.09
1.09
1.08
1.09
1.09
1.09
1.09
1.09
1.09
1.09
1.09
1.09
1.09
1.09
1.09
1.09
1.09
1.09
1.09
1.09
1.09
1.09
1.09
1.09
1.09
1.09
1.08
1.08
1.09
1.09
1.09
1.08
1.08
1.08
1.08
1.08
1.08
1.08
1.08
1.08
1.08
1.08
1.09
1.09
1.08
1.09
1.09
1.09
1.09
1.09
1.08
1.09
1.09
1.09
1.09
1.09
1.09
1.09
1.09
1.09
1.09
1.09
1.09
1.08
1.08
1.09
1.09
1.09
1.08
1.09
1.09
1.09
1.09
1.09
1.08
1.08
1.08
1.08
1.08
1.08
1.08
1.08
1.08
1.08
1.08
1.08
1.08
1.08
1.08
1.08
1.08
1.08
1.08
1.08
1.08
1.08
1.08
1.08
1.08
1.08
1.09
1.08
1.08
1.08
1.08
1.08
1.08
1.08
1.08
1.08
1.08
1.08
1.08
1.08
1.08
1.08
1.08
1.08
1.08
1.08
1.08
1.08
1.08
1.08
1.09
1.08
1.08
1.09
1.09
1.09
1.09
1.08
1.08
1.08
1.08
1.08
1.08
1.09
1.09
1.08
1.08
1.09
1.09
1.09
1.09
1.08
1.09
1.09
1.09
1.08
1.08
1.09
1.09
1.08
1.08
1.09
1.09
1.09
1.09
1.09
1.09
1.09
1.09
1.09
1.09
1.09
1.1
1.09
1.09
1.09
1.09
1.1
1.09
1.09
1.09
1.09
1.08
1.08
1.09
1.08
1.08
1.08
1.08
1.09
1.09
1.09
1.09
1.09
1.09
1.09
1.09
1.09
1.08
1.09
1.09
1.08
1.09
1.08
1.08
1.08
1.08
1.08
1.08
1.08
1.08
1.08
1.08
1.08
1.08
1.08
1.08
1.09
1.08
1.08
1.09
1.08
1.08
1.08
1.09
1.08
1.08
1.08
1.09
1.08
1.08
1.08
1.08
1.08
1.08
1.08
1.08
1.08
1.09
1.09
1.08
1.08
1.08
1.08
1.08
1.08
1.07
1.1
1.08
1.08
1.08
1.09
1.08
1.09
1.08
1.08
1.08
1.08
1.08
1.08
1.08
1.07
1.08
1.08
1.08
1.08
1.08
1.08
1.08
1.09
1.09
1.08
1.08
1.08
1.08
1.09
1.08
1.08
1.09
1.08
1.09
1.09
1.08
1.09
1.09
1.09
1.09
1.1
1.09
1.09
1.09
1.1
1.1
1.09
1.09
1.09
1.1
1.09
1.09
1.09
1.09
1.09
1.09
1.1
1.1
1.1
1.09
1.1
1.1
1.1
1.1
1.1
1.1
1.09
1.1
1.1
1.09
1.1
1.09
1.09
1.09
1.1
1.1
1.09
1.09
1.08
1.08
1.09
1.09
1.09
1.09
1.09
1.1
1.1
1.09
1.09
1.09
1.1
1.1
1.1
1.1
1.1
1.09
1.09
1.09
1.08
1.09
1.09
1.09
1.09
1.09
1.09
1.09
1.09
1.08
1.08
1.08
1.08
1.08
1.08
1.09
1.08
1.08
1.09
1.08
1.08
1.08
1.08
1.08
1.08
1.08
1.08
1.08
1.08
1.08
1.08
1.09
1.08
1.08
1.08
1.08
1.07
1.08
1.08
1.08
1.08
1.08
1.08
1.08
1.08
1.09
1.08
1.09
1.08
1.09
1.09
1.09
1.08
1.09
1.08
1.08
1.07
1.07
1.08
1.07
1.08
1.08
1.08
1.08
1.08
1.09
1.08
1.08
1.08
1.09
1.09
1.09
1.08
1.09
1.08
1.09
1.09
1.08
1.09
1.09
1.08
1.09
1.09
1.1
1.09
1.09
1.09
1.09
1.09
1.09
1.09
1.09
1.1
1.09
1.09
1.08
1.09
1.09
1.09
1.09
1.09
1.09
1.09
1.08
1.09
1.09
1.09
1.08
1.08
1.08
1.09
1.08
1.08
1.08
1.08
1.09
1.09
1.09
1.09
1.09
1.09
1.09
1.09
1.09
1.09
1.09
1.09
1.09
1.09
1.09
1.09
1.08
1.08
1.09
1.09
1.09
1.08
1.08
1.08
1.09
1.08
1.08
1.08
1.08
1.08
1.08
1.07
1.08
1.08
1.08
1.07
1.08
1.08
1.08
1.09
1.09
1.09
1.08
1.08
1.08
1.08
1.09
1.08
1.08
1.09
1.08
1.08
1.08
1.08
1.08
1.08
1.08
1.08
1.08
1.08
1.08
1.08
1.08
1.08
1.08
1.08
1.08
1.08
1.07
1.08
1.07
1.07
1.07
1.07
1.08
1.08
1.07
1.08
1.08
1.08
1.08
1.08
1.08
1.08
1.08
1.08
1.08
1.08
1.08
1.08
1.07
1.08
1.08
1.08
1.07
1.08
1.07
1.07
1.07
1.08
1.08
1.07
1.07
1.07
1.08
1.07
1.07
1.07
1.07
1.07
1.07
1.07
1.07
1.08
1.08
1.08
1.08
1.08
1.08
1.08
1.08
1.08
1.08
1.08
1.08
1.08
1.08
1.08
1.08
1.07
1.08
1.08
1.08
1.08
1.09
1.08
1.08
1.09
1.09
1.09
1.09
1.09
1.09
1.09
1.09
1.08
1.09
1.09
1.09
1.09
1.1
1.09
1.09
1.09
1.08
1.08
1.09
1.08
1.09
1.08
1.09
1.09
1.09
1.09
1.09
1.09
1.09
1.09
1.09
1.09
1.09
1.09
1.09
1.08
1.09
1.09
1.08
1.09
1.09
1.08
1.08
1.09
1.08
1.08
1.08
1.08
1.09
1.09
1.08
1.09
1.08
1.08
1.08
1.08
1.08
1.08
1.08
1.08
1.08
1.08
1.08
1.08
1.08
1.09
1.08
1.08
1.08
1.08
1.09
1.09
1.09
1.09
1.1
1.09
1.09
1.09
1.09
1.09
1.09
1.08
1.08
1.08
1.08
1.09
1.08
1.09
1.08
1.08
1.09
1.08
1.08
1.08
1.08
1.08
1.08
1.08
1.09
1.09
1.09
1.08
1.09
1.09
1.09
1.09
1.09
1.08
1.08
1.08
1.08
1.09
1.08
1.08
1.08
1.09
1.08
1.08
1.09
1.09
1.09
1.09
1.09
1.09
1.09
1.09
1.09
1.09
1.09
1.09
1.09
1.09
1.09
1.09
1.09
1.09
1.09
1.1
1.09
1.09
1.09
1.09
1.09
1.09
1.09
1.09
1.09
1.09
1.09
1.1
1.09
1.09
1.09
1.09
1.09
1.09
1.08
1.08
1.08
1.09
1.09
1.08
1.08
1.08
1.09
1.08
1.09
1.09
1.1
1.09
1.09
1.09
1.09
1.09
1.09
1.09
1.08
1.09
1.09
1.09
1.08
1.08
1.08
1.08
1.09
1.09
1.09
1.09
1.09
1.09
1.09
1.08
1.08
1.09
1.09
1.09
1.09
1.09
1.09
1.08
1.09
1.09
1.08
1.08
1.09
1.09
1.08
1.08
1.08
1.08
1.08
1.08
1.08
1.08
1.08
1.08
1.08
1.08
1.08
1.09
1.09
1.09
1.08
1.08
1.09
1.08
1.09
1.09
1.09
1.09
1.08
1.08
1.08
1.08
1.08
1.08
1.09
1.08
1.08
1.09
1.08
1.08
1.08
1.07
1.08
1.08
1.08
1.08
1.08
1.08
1.09
1.08
1.08
1.08
1.07
1.08
1.08
1.07
1.07
1.08
1.08
1.07
1.08
1.08
1.08
1.08
1.08
1.09
1.08
1.08
1.08
1.09
1.08
1.08
1.08
1.08
1.08
1.08
1.08
1.08
1.07
1.08
1.08
1.08
1.08
1.07
1.08
1.08
1.08
1.08
1.08
1.08
1.08
1.09
1.09
1.09
1.09
1.09
1.09
1.09
1.08
1.09
1.09
1.1
1.1
1.09
1.09
1.09
1.09
1.1
1.09
1.09
1.09
1.1
1.1
1.1
1.1
1.1
1.1
1.09
1.09
1.09
1.09
1.09
1.1
1.1
1.1
1.1
1.1
1.09
1.1
1.09
1.1
1.1
1.1
1.1
1.11
1.11
1.11
1.1
1.11
1.11
1.11
1.1
1.1
1.1
1.1
1.1
1.11
1.1
1.1
1.09
1.1
1.09
1.1
1.09
1.09
1.1
1.1
1.09
1.1
1.1
1.1
1.1
1.1
1.1
1.1
1.1
1.1
1.11
1.1
1.1
1.1
1.1
1.1
1.11
1.1
1.11
1.1
1.1
1.1
1.1
1.1
1.1
1.1
1.09
1.09
1.09
1.1
1.09
1.09
1.09
1.09
1.1
1.09
1.09
1.09
1.09
1.09
1.09
1.09
1.09
1.1
1.09
1.09
1.08
1.09
1.08
1.08
1.09
1.08
1.09
1.09
1.09
1.09
1.09
1.09
1.09
1.1
1.09
1.09
1.09
1.09
1.09
1.08
1.08
1.08
1.08
1.08
1.08
1.09
1.08
1.09
1.09
1.08
1.09
1.08
1.09
1.09
1.08
1.09
1.09
1.08
1.08
1.09
1.09
1.09
1.09
1.09
1.09
1.09
1.09
1.09
1.09
1.09
1.09
1.09
1.09
1.09
1.09
1.09
1.09
1.08
1.09
1.09
1.09
1.08
1.08
1.08
1.08
1.08
1.08
1.08
1.08
1.08
1.08
1.08
1.08
1.08
1.08
1.08
1.08
1.08
1.09
1.09
1.09
1.09
1.1
1.09
1.09
1.09
1.09
1.09
1.08
1.09
1.09
1.08
1.08
1.08
1.08
1.08
1.08
1.08
1.09
1.09
1.09
1.09
1.09
1.09
1.08
1.09
1.09
1.09
1.08
1.08
1.09
1.09
1.09
1.09
1.08
1.08
1.08
1.08
1.08
1.08
1.09
1.08
1.09
1.09
1.08
1.08
1.08
1.08
1.08
1.08
1.08
1.08
1.08
1.09
1.09
1.09
1.09
1.08
1.08
1.08
1.09
1.09
1.09
1.09
1.08
1.09
1.09
1.09
1.09
1.09
1.09
1.09
1.09
1.09
1.08
1.09
1.08
1.09
1.09
1.09
1.09
1.09
1.09
1.08
1.09
1.09
1.09
1.09
1.09
1.09
1.08
1.08
1.09
1.09
1.09
1.09
1.09
1.09
1.09
1.1
1.09
1.09
1.09
1.09
1.1
1.09
1.09
1.09
1.09
1.08
1.09
1.09
1.09
1.09
1.09
1.09
1.09
1.09
1.1
1.09
1.09
1.1
1.1
1.09
1.09
1.09
1.09
1.09
1.09
1.09
1.09
1.09
1.09
1.09
1.1
1.09
1.09
1.1
1.09
1.09
1.09
1.09
1.09
1.09
1.09
1.1
1.09
1.09
1.09
1.09
1.08
1.09
1.09
1.08
1.08
1.08
1.08
1.09
1.09
1.08
1.08
1.08
1.08
1.09
1.09
1.09
1.09
1.09
1.09
1.08
1.09
1.09
1.08
1.09
1.08
1.09
1.09
1.09
1.08
1.08
1.08
1.09
1.08
1.08
1.08
1.08
1.08
1.08
1.08
1.08
1.08
1.08
1.08
1.08
1.08
1.08
1.08
1.08
1.08
1.08
1.08
1.08
1.08
1.08
1.08
1.08
1.08
1.08
1.08
1.08
1.08
1.08
1.08
1.08
1.08
1.08
1.08
1.08
1.08
1.08
1.08
1.08
1.09
1.08
1.08
1.08
1.09
1.09
1.09
1.08
1.08
1.09
1.09
1.09
1.09
1.09
1.08
1.09
1.09
1.08
1.08
1.09
1.08
1.09
1.08
1.09
1.08
1.08
1.08
1.08
1.08
1.08
1.08
1.08
1.08
1.09
1.08
1.08
1.09
1.08
1.09
1.08
1.08
1.09
1.09
1.09
1.09
1.09
1.09
1.08
1.08
1.09
1.08
1.08
1.08
1.08
1.09
1.08
1.09
1.09
1.09
1.09
1.09
1.08
1.09
1.08
1.08
1.08
1.09
1.08
1.08
1.08
1.08
1.08
1.08
1.07
1.08
1.08
1.08
1.08
1.08
1.08
1.08
1.08
1.08
1.07
1.08
1.08
1.08
1.09
1.09
1.09
1.09
1.08
1.09
1.08
1.09
1.08
1.09
1.08
1.09
1.08
1.08
1.08
1.09
1.08
1.09
1.08
1.08
1.08
1.08
1.08
1.08
1.08
1.08
1.08
1.08
1.08
1.08
1.08
1.08
1.07
1.07
1.07
1.07
1.08
1.07
1.07
1.07
1.07
1.08
1.08
1.08
1.08
1.08
1.08
1.08
1.08
1.08
1.08
1.08
1.08
1.08
1.08
1.08
1.09
1.08
1.08
1.09
1.08
1.08
1.09
1.09
1.08
1.08
1.09
1.09
1.09
1.08
1.08
1.09
1.08
1.08
1.08
1.08
1.08
1.08
1.08
1.08
1.08
1.08
1.08
1.08
1.08
1.08
1.08
1.08
1.08
1.08
1.09
1.08
1.08
1.09
1.09
1.09
1.09
1.09
1.08
1.08
1.08
1.08
1.08
1.08
1.08
1.08
1.08
1.09
1.09
1.08
1.08
1.09
1.08
1.09
1.08
1.09
1.08
1.08
1.08
1.08
1.08
1.07
1.08
1.07
1.08
1.07
1.08
1.07
1.08
1.08
1.08
1.08
1.09
1.08
1.08
1.08
1.08
1.09
1.08
1.08
1.08
1.08
1.08
1.08
1.08
1.08
1.08
1.08
1.08
1.08
1.08
1.08
1.08
1.08
1.08
1.09
1.08
1.08
1.08
1.08
1.08
1.09
1.08
1.08
1.08
1.08
1.08
1.07
1.08
1.08
1.08
1.08
1.08
1.08
1.08
1.07
1.08
1.08
1.08
1.08
1.08
1.08
1.08
1.08
1.08
1.08
1.08
1.08
1.08
1.07
1.07
1.07
1.08
1.07
1.08
1.08
1.08
1.08
1.09
1.08
1.08
1.08
1.08
1.08
1.08
1.08
1.08
1.09
1.09
1.08
1.08
1.08
1.08
1.08
1.08
1.08
1.08
1.08
1.08
1.08
1.08
1.08
1.09
1.09
1.08
1.08
1.09
1.08
1.09
1.09
1.09
1.08
1.08
1.08
1.08
1.08
1.08
1.08
1.08
1.08
1.08
1.08
1.08
1.08
1.08
1.08
1.07
1.08
1.07
1.08
1.08
1.08
1.08
1.08
1.08
1.08
1.08
1.08
1.08
1.08
1.08
1.08
1.08
1.08
1.07
1.08
1.07
1.07
1.07
1.08
1.08
1.08
1.08
1.08
1.08
1.08
1.08
1.08
1.08
1.08
1.08
1.08
1.08
1.08
1.08
1.08
1.07
1.08
1.08
1.08
1.08
1.08
1.08
1.08
1.08
1.08
1.08
1.08
1.08
1.08
1.07
1.08
1.08
1.08
1.08
1.08
1.08
1.08
1.08
1.08
1.08
1.08
1.08
1.09
1.08
1.09
1.08
1.08
1.08
1.08
1.08
1.08
1.08
1.08
1.08
1.08
1.08
1.09
1.08
1.08
1.08
1.08
1.08
1.08
1.08
1.08
1.08
1.08
1.08
1.08
1.08
1.08
1.08
1.08
1.08
1.09
1.08
1.08
1.08
1.08
1.08
1.08
1.08
1.08
1.07
1.08
1.08
1.08
1.09
1.08
1.08
1.09
1.09
1.09
1.08
1.08
1.08
1.08
1.08
1.09
1.08
1.09
1.08
1.08
1.08
1.08
1.08
1.09
1.08
1.08
1.08
1.08
1.08
1.08
1.08
1.08
1.08
1.08
1.08
1.08
1.08
1.08
1.08
1.08
1.08
1.08
1.09
1.08
1.09
1.08
1.08
1.08
1.08
1.08
1.08
1.08
1.08
1.08
1.08
1.08
1.08
1.08
1.08
1.08
1.08
1.08
1.08
1.08
1.08
1.08
1.08
1.08
1.08
1.09
1.08
1.08
1.08
1.08
1.07
1.07
1.07
1.08
1.07
1.07
1.07
1.08
1.07
1.08
1.07
1.07
1.07
1.07
1.08
1.07
1.07
1.07
1.07
1.07
1.08
1.08
1.07
1.07
1.07
1.08
1.08
1.08
1.08
1.08
1.08
1.08
1.08
1.08
1.08
1.07
1.08
1.08
1.08
1.08
1.07
1.08
1.07
1.07
1.07
1.07
1.07
1.07
1.07
1.07
1.07
1.07
1.07
1.07
1.07
1.07
1.07
1.07
1.07
1.07
1.07
1.08
1.08
1.07
1.08
1.08
1.08
1.08
1.07
1.08
1.08
1.08
1.07
1.07
1.07
1.08
1.08
1.08
1.08
1.08
1.08
1.08
1.07
1.08
1.07
1.07
1.07
1.08
1.07
1.07
1.07
1.07
1.07
1.07
1.07
1.07
1.07
1.07
1.07
1.07
1.07
1.07
1.07
1.07
1.07
1.07
1.07
1.07
1.07
1.08
1.08
1.07
1.08
1.08
1.08
1.08
1.08
1.07
1.08
1.07
1.08
1.08
1.07
1.07
1.07
1.08
1.07
1.08
1.08
1.07
1.07
1.07
1.07
1.07
1.07
1.07
1.07
1.07
1.07
1.07
1.07
1.07
1.07
1.07
1.07
1.07
1.07
1.07
1.07
1.07
1.07
1.07
1.07
1.08
1.08
1.08
1.07
1.08
1.07
1.08
1.08
1.08
1.08
1.08
1.07
1.07
1.07
1.07
1.08
1.08
1.08
1.07
1.07
1.07
1.07
1.08
1.07
1.07
1.07
1.07
1.07
1.07
1.07
1.07
1.07
1.07
1.07
1.08
1.07
1.07
1.07
1.07
1.07
1.07
1.07
1.07
1.07
1.07
1.07
1.07
1.06
1.07
1.07
1.07
1.06
1.07
1.07
1.08
1.07
1.08
1.07
1.07
1.07
1.07
1.07
1.07
1.07
1.07
1.07
1.07
1.07
1.07
1.07
1.07
1.07
1.07
1.07
1.07
1.07
1.07
1.07
1.07
1.07
1.07
1.07
1.07
1.07
1.07
1.07
1.07
1.07
1.07
1.07
1.07
1.07
1.07
1.08
1.07
1.08
1.07
1.08
1.08
1.08
1.08
1.08
1.08
1.08
1.08
1.07
1.08
1.08
1.08
1.08
1.08
1.08
1.08
1.08
1.08
1.08
1.08
1.08
1.08
1.08
1.08
1.08
1.08
1.08
1.08
1.08
1.08
1.08
1.08
1.07
1.07
1.08
1.07
1.08
1.08
1.08
1.08
1.08
1.08
1.08
1.08
1.08
1.08
1.08
1.08
1.08
1.08
1.08
1.08
1.07
1.08
1.08
1.08
1.07
1.08
1.08
1.08
1.08
1.08
1.08
1.09
1.09
1.09
1.08
1.08
1.08
1.08
1.08
1.08
1.08
1.08
1.08
1.08
1.08
1.08
1.09
1.08
1.09
1.08
1.08
1.08
1.08
1.08
1.08
1.08
1.09
1.09
1.09
1.08
1.08
1.09
1.09
1.09
1.09
1.09
1.08
1.08
1.08
1.09
1.09
1.09
1.09
1.08
1.08
1.09
1.08
1.09
1.08
1.09
1.09
1.09
1.09
1.09
1.09
1.09
1.09
1.09
1.09
1.08
1.08
1.08
1.08
1.08
1.08
1.07
1.08
1.08
1.07
1.07
1.08
1.08
1.08
1.07
1.07
1.08
1.08
1.07
1.07
1.07
1.07
1.07
1.08
1.08
1.08
1.07
1.08
1.08
1.08
1.08
1.08
1.08
1.08
1.07
1.08
1.08
1.07
1.08
1.07
1.07
1.07
1.07
1.07
1.08
1.07
1.07
1.07
1.07
1.07
1.07
1.07
1.07
1.08
1.08
1.08
1.07
1.08
1.08
1.08
1.07
1.07
1.08
1.08
1.08
1.08
1.08
1.08
1.07
1.08
1.08
1.07
1.08
1.07
1.07
1.07
1.08
1.07
1.08
1.07
1.07
1.08
1.07
1.07
1.07
1.08
1.08
1.08
1.07
1.08
1.07
1.08
1.08
1.08
1.08
1.08
1.08
1.08
1.08
1.08
1.08
1.08
1.07
1.08
1.08
1.08
1.08
1.07
1.08
1.08
1.07
1.08
1.08
1.07
1.07
1.07
1.08
1.08
1.08
1.08
1.07
1.08
1.08
1.07
1.08
1.08
1.08
1.08
1.07
1.08
1.07
1.08
1.08
1.08
1.08
1.08
1.08
1.08
1.08
1.08
1.08
1.08
1.07
1.08
1.08
1.08
1.08
1.08
1.08
1.08
1.08
1.08
1.08
1.08
1.08
1.08
1.08
1.08
1.08
1.08
1.08
1.08
1.08
1.08
1.08
1.08
1.08
1.08
1.08
1.07
1.08
1.07
1.08
1.08
1.08
1.08
1.08
1.08
1.08
1.09
1.08
1.08
1.08
1.09
1.08
1.08
1.08
1.08
1.08
1.08
1.08
1.08
1.08
1.08
1.07
1.08
1.08
1.08
1.08
1.08
1.08
1.08
1.08
1.08
1.08
1.08
1.08
1.08
1.08
1.09
1.08
1.08
1.08
1.08
1.08
1.09
1.09
1.08
1.08
1.08
1.08
1.08
1.09
1.09
1.09
1.09
1.09
1.09
1.08
1.09
1.08
1.09
1.08
1.09
1.08
1.08
1.08
1.08
1.08
1.08
1.08
1.08
1.08
1.08
1.08
1.09
1.08
1.08
1.08
1.08
1.08
1.08
1.08
1.08
1.08
1.08
1.08
1.08
1.08
1.08
1.08
1.08
1.08
1.08
1.08
1.08
1.08
1.08
1.08
1.08
1.08
1.08
1.08
1.08
1.08
1.08
1.08
1.08
1.08
1.08
1.08
1.08
1.08
1.08
1.08
1.08
1.09
1.09
1.09
1.09
1.09
1.08
1.09
1.08
1.09
1.08
1.08
1.09
1.09
1.08
1.08
1.08
1.08
1.08
1.08
1.08
1.08
1.08
1.09
1.08
1.08
1.08
1.08
1.09
1.08
1.09
1.08
1.09
1.09
1.08
1.08
1.08
1.08
1.08
1.08
1.08
1.08
1.08
1.08
1.08
1.09
1.08
1.08
1.08
1.08
1.08
1.08
1.08
1.09
1.09
1.09
1.09
1.08
1.08
1.08
1.07
1.08
