7.08
6.71
6.28
6.28
6.73
6.3
6.7
6.51
6.04
6.05
5.77
5.73
5.54
4.97
5.07
5.26
4.91
4.85
4.78
4.67
4.51
4.67
4.07
3.99
4.07
3.91
3.86
3.8
3.36
3.34
3.63
3.36
3.54
3.42
3.22
3.22
3.14
3.13
3.05
2.84
2.75
2.87
2.78
2.66
2.73
2.5
2.51
2.51
2.44
2.38
2.37
2.36
2.21
2.33
2.29
2.22
2.13
2.12
2.15
2.1
2.03
1.99
2.01
1.95
2.03
2.04
1.96
2.03
1.98
1.93
1.92
1.95
1.93
1.85
1.9
1.85
1.89
1.82
1.82
1.76
1.85
1.9
1.81
1.83
1.79
1.8
1.78
1.8
1.77
1.84
1.75
1.8
1.82
1.67
1.78
1.82
1.72
1.71
1.71
1.75
1.73
1.74
1.71
1.67
1.65
1.68
1.74
1.7
1.68
1.69
1.68
1.65
1.69
1.67
1.65
1.6
1.63
1.67
1.63
1.63
1.59
1.65
1.68
1.59
1.64
1.61
1.59
1.68
1.61
1.51
1.58
1.62
1.57
1.57
1.56
1.57
1.59
1.6
1.57
1.6
1.55
1.59
1.55
1.53
1.59
1.56
1.57
1.54
1.54
1.58
1.49
1.53
1.49
1.49
1.53
1.55
1.53
1.49
1.51
1.53
1.49
1.5
1.53
1.54
1.51
1.47
1.51
1.49
1.43
1.51
1.48
1.46
1.53
1.44
1.42
1.46
1.48
1.51
1.47
1.46
1.49
1.51
1.5
1.43
1.49
1.47
1.46
1.43
1.48
1.45
1.47
1.39
1.47
1.42
1.46
1.43
1.46
1.44
1.43
1.42
1.44
1.45
1.46
1.42
1.44
1.42
1.45
1.4
1.44
1.41
1.45
1.44
1.44
1.44
1.41
1.42
1.37
1.45
1.47
1.43
1.43
1.43
1.4
1.4
1.41
1.39
1.4
1.41
1.42
1.41
1.41
1.42
1.43
1.4
1.36
1.42
1.43
1.41
1.42
1.42
1.36
1.4
1.39
1.39
1.41
1.4
1.4
1.43
1.38
1.36
1.39
1.42
1.42
1.39
1.41
1.38
1.34
1.41
1.41
1.38
1.37
1.41
1.39
1.36
1.37
1.39
1.36
1.37
1.4
1.41
1.37
1.35
1.35
1.34
1.36
1.39
1.36
1.38
1.37
1.36
1.4
1.39
1.39
1.39
1.32
1.38
1.37
1.39
1.39
1.39
1.35
1.39
1.41
1.39
1.36
1.36
1.36
1.35
1.36
1.37
1.34
1.36
1.33
1.36
1.36
1.37
1.35
1.38
1.36
1.38
1.34
1.34
1.36
1.36
1.37
1.38
1.36
1.38
1.35
1.34
1.35
1.39
1.36
1.37
1.36
1.33
1.36
1.37
1.36
1.33
1.35
1.33
1.34
1.35
1.35
1.35
1.35
1.33
1.34
1.35
1.34
1.36
1.36
1.36
1.33
1.33
1.32
1.34
1.35
1.36
1.36
1.38
1.36
1.36
1.33
1.33
1.34
1.35
1.34
1.36
1.32
1.31
1.36
1.34
1.36
1.32
1.37
1.34
1.33
1.33
1.32
1.31
1.37
1.35
1.38
1.35
1.34
1.34
1.31
1.33
1.31
1.36
1.34
1.29
1.33
1.31
1.37
1.34
1.34
1.34
1.33
1.34
1.36
1.34
1.35
1.31
1.33
1.35
1.32
1.33
1.29
1.32
1.32
1.33
1.32
1.31
1.36
1.32
1.34
1.33
1.34
1.34
1.35
1.33
1.34
1.36
1.33
1.32
1.33
1.34
1.34
1.33
1.33
1.32
1.31
1.34
1.31
1.35
1.34
1.34
1.3
1.34
1.34
1.33
1.32
1.33
1.31
1.34
1.33
1.31
1.33
1.32
1.32
1.29
1.31
1.32
1.32
1.31
1.32
1.3
1.29
1.3
1.3
1.34
1.33
1.32
1.36
1.34
1.32
1.29
1.3
1.33
1.32
1.31
1.32
1.28
1.27
1.32
1.35
1.33
1.3
1.36
1.34
1.3
1.34
1.28
1.29
1.32
1.32
1.34
1.32
1.32
1.29
1.28
1.32
1.31
1.33
1.31
1.29
1.31
1.31
1.33
1.3
1.33
1.31
1.34
1.31
1.32
1.31
1.33
1.31
1.31
1.31
1.32
1.3
1.29
1.31
1.28
1.32
1.32
1.29
1.33
1.29
1.32
1.32
1.31
1.31
1.32
1.32
1.32
1.3
1.31
1.31
1.31
1.33
1.32
1.31
1.3
1.3
1.3
1.31
1.3
1.32
1.33
1.31
1.29
1.33
1.31
1.33
1.32
1.31
1.3
1.31
1.33
1.31
1.33
1.33
1.31
1.3
1.28
1.29
1.29
1.3
1.32
1.3
1.3
1.28
1.3
1.31
1.3
1.31
1.32
1.33
1.32
1.31
1.3
1.31
1.32
1.3
1.32
1.3
1.27
1.3
1.32
1.29
1.3
1.31
1.31
1.3
1.31
1.28
1.3
1.31
1.31
1.34
1.29
1.3
1.28
1.27
1.29
1.29
1.31
1.28
1.26
1.29
1.31
1.3
1.29
1.3
1.29
1.31
1.3
1.32
1.29
1.33
1.3
1.3
1.32
1.3
1.3
1.25
1.29
1.29
1.3
1.31
1.29
1.31
1.29
1.29
1.3
1.28
1.29
1.32
1.3
1.3
1.28
1.3
1.3
1.29
1.29
1.31
1.3
1.31
1.29
1.3
1.26
1.28
1.3
1.3
1.3
1.28
1.31
1.32
1.32
1.3
1.3
1.29
1.3
1.28
1.27
1.29
1.28
1.27
1.28
1.28
1.28
1.27
1.3
1.28
1.27
1.27
1.28
1.27
1.27
1.29
1.28
1.28
1.3
1.3
1.27
1.27
1.31
1.3
1.29
1.3
1.26
1.26
1.3
1.29
1.28
1.28
1.27
1.28
1.27
1.3
1.27
1.28
1.27
1.29
1.33
1.31
1.29
1.27
1.26
1.28
1.31
1.29
1.25
1.25
1.29
1.29
1.3
1.28
1.29
1.26
1.29
1.26
1.29
1.29
1.31
1.26
1.29
1.3
1.28
1.27
1.26
1.3
1.27
1.29
1.29
1.26
1.28
1.26
1.29
1.29
1.28
1.29
1.31
1.3
1.28
1.29
1.28
1.3
1.26
1.28
1.27
1.3
1.29
1.27
1.3
1.26
1.28
1.3
1.3
1.27
1.27
1.3
1.29
1.28
1.27
1.28
1.25
1.29
1.28
1.27
1.28
1.28
1.26
1.25
1.26
1.27
1.26
1.26
1.27
1.27
1.25
1.26
1.26
1.28
1.29
1.27
1.29
1.3
1.27
1.26
1.26
1.28
1.29
1.29
1.29
1.26
1.24
1.28
1.29
1.26
1.27
1.29
1.29
1.27
1.28
1.26
1.27
1.28
1.28
1.31
1.27
1.29
1.27
1.24
1.27
1.28
1.28
1.28
1.25
1.27
1.28
1.29
1.28
1.28
1.25
1.29
1.28
1.28
1.27
1.3
1.25
1.27
1.29
1.27
1.27
1.25
1.27
1.26
1.27
1.29
1.27
1.28
1.27
1.3
1.29
1.28
1.29
1.3
1.31
1.28
1.27
1.28
1.27
1.26
1.28
1.27
1.3
1.28
1.27
1.29
1.26
1.26
1.28
1.28
1.28
1.26
1.3
1.28
1.3
1.26
1.27
1.27
1.27
1.27
1.27
1.28
1.28
1.25
1.25
1.25
1.26
1.26
1.27
1.26
1.27
1.26
1.26
1.26
1.28
1.27
1.26
1.27
1.27
1.27
1.27
1.26
1.29
1.28
1.26
1.28
1.25
1.24
1.27
1.29
1.25
1.25
1.29
1.28
1.26
1.28
1.27
1.26
1.25
1.27
1.29
1.27
1.27
1.25
1.25
1.26
1.26
1.28
1.24
1.24
1.25
1.29
1.29
1.26
1.29
1.24
1.28
1.26
1.3
1.26
1.3
1.25
1.27
1.3
1.29
1.25
1.26
1.26
1.26
1.28
1.29
1.25
1.27
1.26
1.28
1.29
1.27
1.29
1.29
1.29
1.27
1.27
1.28
1.28
1.25
1.29
1.26
1.3
1.27
1.26
1.28
1.26
1.26
1.29
1.28
1.25
1.26
1.29
1.28
1.28
1.27
1.28
1.26
1.27
1.27
1.26
1.29
1.29
1.26
1.25
1.27
1.26
1.27
1.27
1.27
1.28
1.24
1.27
1.27
1.28
1.27
1.26
1.28
1.27
1.27
1.27
1.26
1.28
1.29
1.27
1.27
1.25
1.24
1.27
1.27
1.26
1.25
1.29
1.27
1.25
1.28
1.26
1.25
1.26
1.27
1.29
1.26
1.26
1.25
1.24
1.28
1.26
1.26
1.26
1.23
1.26
1.28
1.27
1.25
1.27
1.25
1.28
1.26
1.28
1.26
1.29
1.25
1.26
1.26
1.28
1.25
1.23
1.28
1.25
1.29
1.3
1.26
1.28
1.27
1.28
1.28
1.26
1.31
1.3
1.29
1.28
1.27
1.28
1.28
1.27
1.3
1.27
1.29
1.27
1.26
1.28
1.25
1.27
1.29
1.29
1.27
1.24
1.29
1.28
1.27
1.26
1.26
1.25
1.26
1.25
1.27
1.26
1.27
1.24
1.24
1.26
1.25
1.26
1.27
1.24
1.25
1.25
1.25
1.25
1.27
1.25
1.26
1.27
1.27
1.27
1.27
1.25
1.27
1.27
1.26
1.28
1.25
1.23
1.29
1.29
1.26
1.26
1.27
1.27
1.24
1.27
1.26
1.25
1.27
1.27
1.3
1.26
1.27
1.26
1.24
1.26
1.27
1.27
1.26
1.24
1.27
1.28
1.28
1.27
1.29
1.24
1.26
1.26
1.28
1.26
1.27
1.23
1.28
1.28
1.26
1.26
1.24
1.24
1.24
1.27
1.26
1.25
1.26
1.25
1.25
1.27
1.26
1.28
1.27
1.3
1.26
1.27
1.27
1.27
1.25
1.28
1.27
1.29
1.28
1.25
1.28
1.26
1.27
1.28
1.28
1.26
1.25
1.29
1.27
1.27
1.26
1.28
1.25
1.26
1.26
1.26
1.27
1.28
1.25
1.25
1.26
1.26
1.27
1.27
1.27
1.26
1.24
1.24
1.24
1.27
1.26
1.26
1.28
1.26
1.26
1.27
1.25
1.26
1.28
1.27
1.29
1.23
1.23
1.26
1.27
1.25
1.26
1.26
1.27
1.25
1.27
1.26
1.24
1.26
1.27
1.28
1.26
1.26
1.26
1.23
1.26
1.26
1.26
1.26
1.22
1.25
1.27
1.26
1.26
1.27
1.25
1.27
1.26
1.29
1.26
1.28
1.24
1.26
1.27
1.27
1.25
1.24
1.27
1.26
1.28
1.29
1.25
1.28
1.27
1.27
1.28
1.26
1.28
1.28
1.27
1.26
1.27
1.27
1.28
1.26
1.29
1.27
1.29
1.29
1.25
1.28
1.25
1.29
1.29
1.28
1.27
1.25
1.29
1.28
1.28
1.26
1.27
1.26
1.28
1.27
1.27
1.26
1.27
1.24
1.26
1.25
1.25
1.26
1.28
1.26
1.25
1.24
1.26
1.26
1.27
1.27
1.25
1.28
1.27
1.26
1.27
1.26
1.28
1.27
1.25
1.28
1.23
1.25
1.27
1.28
1.26
1.24
1.27
1.27
1.26
1.28
1.26
1.25
1.26
1.27
1.3
1.26
1.26
1.24
1.24
1.25
1.26
1.27
1.26
1.22
1.27
1.28
1.27
1.27
1.28
1.25
1.26
1.26
1.28
1.25
1.28
1.24
1.28
1.27
1.27
1.26
1.25
1.26
1.25
1.26
1.27
1.26
1.27
1.26
1.26
1.28
1.26
1.28
1.28
1.28
1.27
1.27
1.27
1.26
1.24
1.28
1.26
1.28
1.25
1.25
1.27
1.25
1.27
1.29
1.28
1.27
1.25
1.27
1.27
1.27
1.26
1.28
1.25
1.26
1.27
1.26
1.28
1.28
1.25
1.24
1.26
1.24
1.26
1.27
1.25
1.25
1.24
1.25
1.26
1.28
1.27
1.27
1.28
1.27
1.25
1.27
1.26
1.27
1.28
1.27
1.27
1.26
1.24
1.27
1.28
1.26
1.26
1.28
1.28
1.26
1.28
1.26
1.26
1.25
1.28
1.28
1.27
1.26
1.26
1.25
1.26
1.26
1.26
1.26
1.23
1.25
1.28
1.26
1.26
1.28
1.25
1.28
1.26
1.28
1.26
1.28
1.24
1.27
1.29
1.28
1.26
1.23
1.27
1.25
1.28
1.26
1.26
1.26
1.26
1.27
1.27
1.25
1.26
1.28
1.27
1.25
1.25
1.27
1.27
1.24
1.28
1.26
1.29
1.26
1.25
1.29
1.24
1.27
1.31
1.28
1.25
1.25
1.26
1.26
1.27
1.25
1.27
1.24
1.27
1.26
1.26
1.26
1.27
1.24
1.25
1.25
1.26
1.25
1.28
1.24
1.25
1.23
1.24
1.24
1.27
1.25
1.24
1.27
1.27
1.24
1.25
1.25
1.26
1.28
1.27
1.28
1.23
1.23
1.26
1.28
1.25
1.25
1.27
1.27
1.24
1.27
1.26
1.25
1.25
1.26
1.29
1.26
1.25
1.26
1.24
1.24
1.24
1.26
1.25
1.23
1.26
1.27
1.26
1.25
1.28
1.25
1.25
1.24
1.28
1.24
1.27
1.24
1.27
1.28
1.26
1.24
1.23
1.26
1.25
1.27
1.27
1.25
1.26
1.24
1.26
1.27
1.25
1.27
1.28
1.27
1.26
1.26
1.28
1.28
1.26
1.27
1.25
1.28
1.26
1.25
1.27
1.25
1.26
1.27
1.27
1.27
1.23
1.27
1.27
1.27
1.25
1.26
1.24
1.26
1.24
1.27
1.27
1.25
1.23
1.23
1.25
1.24
1.25
1.26
1.25
1.24
1.24
1.26
1.24
1.27
1.27
1.24
1.28
1.28
1.25
1.25
1.25
1.27
1.26
1.27
1.27
1.23
1.23
1.27
1.27
1.24
1.24
1.27
1.27
1.25
1.26
1.26
1.24
1.25
1.26
1.29
1.26
1.27
1.27
1.23
1.26
1.25
1.26
1.25
1.24
1.24
1.27
1.27
1.25
1.27
1.24
1.27
1.25
1.28
1.25
1.27
1.23
1.27
1.29
1.26
1.26
1.25
1.25
1.24
1.27
1.26
1.24
1.26
1.25
1.25
1.26
1.25
1.26
1.27
1.27
1.25
1.25
1.26
1.27
1.25
1.26
1.26
1.28
1.25
1.26
1.28
1.23
1.25
1.28
1.26
1.25
1.24
1.26
1.26
1.27
1.25
1.26
1.24
1.25
1.24
1.25
1.27
1.28
1.24
1.23
1.25
1.26
1.25
1.26
1.24
1.26
1.25
1.25
1.24
1.27
1.26
1.26
1.28
1.25
1.25
1.27
1.24
1.26
1.28
1.25
1.28
1.24
1.25
1.27
1.27
1.27
1.26
1.26
1.27
1.25
1.27
1.25
1.24
1.26
1.26
1.28
1.27
1.26
1.25
1.25
1.25
1.25
1.26
1.26
1.22
1.27
1.27
1.27
1.24
1.26
1.24
1.27
1.25
1.29
1.25
1.26
1.23
1.26
1.27
1.27
1.26
1.24
1.27
1.25
1.27
1.26
1.24
1.27
1.25
1.26
1.27
1.24
1.27
1.29
1.27
1.25
1.26
1.27
1.28
1.24
1.29
1.26
1.3
1.25
1.24
1.29
1.25
1.25
1.29
1.28
1.27
1.24
1.28
1.27
1.26
1.26
1.26
1.26
1.26
1.24
1.26
1.28
1.29
1.24
1.26
1.24
1.25
1.26
1.28
1.24
1.25
1.24
1.26
1.25
1.28
1.26
1.26
1.27
1.26
1.24
1.26
1.25
1.26
1.29
1.26
1.29
1.24
1.23
1.26
1.27
1.27
1.25
1.27
1.26
1.25
1.28
1.26
1.25
1.25
1.26
1.29
1.25
1.27
1.26
1.24
1.25
1.26
1.26
1.26
1.22
1.26
1.27
1.25
1.25
1.28
1.26
1.26
1.24
1.28
1.26
1.27
1.24
1.27
1.26
1.27
1.27
1.22
1.26
1.25
1.27
1.28
1.25
1.26
1.26
1.26
1.26
1.26
1.28
1.27
1.28
1.26
1.27
1.28
1.28
1.24
1.28
1.25
1.29
1.26
1.24
1.28
1.24
1.24
1.28
1.27
1.26
1.24
1.29
1.26
1.28
1.26
1.27
1.25
1.27
1.25
1.27
1.28
1.26
1.24
1.25
1.26
1.24
1.25
1.26
1.24
1.25
1.24
1.23
1.25
1.27
1.25
1.25
1.29
1.25
1.25
1.25
1.26
1.26
1.27
1.26
1.28
1.22
1.23
1.26
1.26
1.25
1.26
1.26
1.26
1.25
1.27
1.26
1.25
1.25
1.27
1.27
1.26
1.27
1.26
1.25
1.27
1.25
1.26
1.25
1.23
1.25
1.26
1.26
1.26
1.27
1.24
1.27
1.25
1.29
1.25
1.27
1.24
1.27
1.28
1.26
1.26
1.23
1.24
1.24
1.28
1.26
1.23
1.26
1.25
1.26
1.27
1.26
1.27
1.29
1.27
1.25
1.27
1.26
1.27
1.25
1.27
1.25
1.28
1.25
1.25
1.27
1.25
1.26
1.27
1.26
1.26
1.23
1.28
1.26
1.26
1.25
1.26
1.24
1.26
1.26
1.25
1.27
1.26
1.23
1.24
1.24
1.24
1.25
1.27
1.23
1.25
1.24
1.25
1.24
1.28
1.26
1.26
1.28
1.25
1.24
1.26
1.24
1.26
1.27
1.26
1.29
1.23
1.25
1.26
1.26
1.27
1.26
1.26
1.27
1.25
1.28
1.27
1.24
1.25
1.26
1.28
1.26
1.26
1.25
1.24
1.25
1.24
1.25
1.25
1.21
1.26
1.26
1.25
1.25
1.27
1.25
1.26
1.25
1.28
1.25
1.28
1.24
1.27
1.28
1.27
1.25
1.24
1.25
1.24
1.27
1.25
1.24
1.26
1.25
1.26
1.26
1.24
1.26
1.27
1.27
1.25
1.25
1.26
1.27
1.26
1.28
1.26
1.28
1.26
1.26
1.27
1.25
1.25
1.27
1.27
1.25
1.23
1.26
1.26
1.25
1.26
1.27
1.25
1.25
1.23
1.25
1.26
1.28
1.23
1.23
1.26
1.24
1.25
1.26
1.25
1.25
1.24
1.23
1.25
1.29
1.26
1.25
1.28
1.26
1.25
1.27
1.26
1.27
1.27
1.26
1.27
1.24
1.24
1.27
1.29
1.26
1.25
1.27
1.27
1.24
1.26
1.27
1.25
1.26
1.27
1.27
1.26
1.25
1.25
1.24
1.26
1.24
1.26
1.26
1.22
1.25
1.25
1.25
1.26
1.27
1.25
1.27
1.24
1.29
1.25
1.28
1.24
1.27
1.26
1.25
1.25
1.23
1.25
1.24
1.25
1.26
1.25
1.26
1.26
1.25
1.27
1.26
1.26
1.29
1.27
1.25
1.26
1.26
1.28
1.25
1.27
1.26
1.3
1.24
1.23
1.27
1.24
1.25
1.27
1.27
1.25
1.25
1.28
1.27
1.26
1.26
1.28
1.24
1.26
1.26
1.27
1.27
1.26
1.23
1.25
1.25
1.26
1.25
1.28
1.25
1.26
1.25
1.25
1.25
1.27
1.25
1.25
1.27
1.26
1.26
1.26
1.25
1.26
1.26
1.26
1.27
1.22
1.23
1.25
1.28
1.25
1.25
1.28
1.28
1.24
1.27
1.24
1.24
1.25
1.26
1.28
1.26
1.26
1.25
1.24
1.25
1.25
1.26
1.25
1.23
1.24
1.26
1.25
1.27
1.27
1.25
1.26
1.26
1.29
1.25
1.27
1.25
1.27
1.29
1.27
1.26
1.23
1.26
1.24
1.27
1.27
1.24
1.26
1.26
1.25
1.27
1.24
1.26
1.28
1.27
1.26
1.26
1.25
1.28
1.25
1.26
1.26
1.29
1.26
1.24
1.27
1.25
1.26
1.28
1.27
1.25
1.23
1.27
1.27
1.26
1.26
1.27
1.24
1.26
1.26
1.27
1.27
1.27
1.25
1.22
1.26
1.25
1.25
1.27
1.24
1.26
1.25
1.25
1.25
1.27
1.25
1.26
1.27
1.25
1.25
1.26
1.25
1.26
1.28
1.26
1.27
1.23
1.23
1.26
1.27
1.26
1.25
1.26
1.27
1.23
1.26
1.25
1.24
1.25
1.26
1.28
1.25
1.26
1.25
1.23
1.25
1.24
1.26
1.25
1.23
1.25
1.26
1.25
1.25
1.27
1.25
1.26
1.25
1.27
1.25
1.28
1.25
1.26
1.28
1.27
1.25
1.24
1.25
1.24
1.26
1.28
1.25
1.26
1.26
1.26
1.27
1.26
1.26
1.28
1.27
1.26
1.26
1.26
1.27
1.25
1.27
1.26
1.28
1.25
1.24
1.26
1.24
1.26
1.28
1.26
1.26
1.25
1.26
1.27
1.27
1.26
1.27
1.23
1.26
1.25
1.25
1.28
1.26
1.24
1.24
1.25
1.25
1.24
1.26
1.24
1.24
1.24
1.24
1.25
1.26
1.27
1.25
1.27
1.26
1.25
1.25
1.25
1.26
1.26
1.26
1.27
1.22
1.24
1.26
1.26
1.25
1.25
1.26
1.26
1.24
1.26
1.26
1.25
1.24
1.25
1.28
1.25
1.26
1.24
1.24
1.25
1.24
1.25
1.24
1.22
1.25
1.26
1.24
1.25
1.27
1.25
1.25
1.25
1.28
1.26
1.27
1.24
1.25
1.28
1.26
1.25
1.23
1.26
1.24
1.27
1.26
1.25
1.26
1.25
1.26
1.26
1.25
1.26
1.26
1.26
1.24
1.27
1.27
1.28
1.25
1.27
1.26
1.3
1.25
1.23
1.26
1.24
1.27
1.28
1.27
1.26
1.24
1.27
1.26
1.25
1.25
1.27
1.24
1.26
1.25
1.26
1.26
1.26
1.23
1.24
1.25
1.26
1.26
1.27
1.24
1.24
1.24
1.24
1.25
1.28
1.26
1.25
1.29
1.26
1.27
1.26
1.24
1.27
1.28
1.26
1.28
1.24
1.24
1.27
1.27
1.25
1.25
1.26
1.27
1.25
1.27
1.26
1.25
1.25
1.25
1.28
1.26
1.28
1.24
1.24
1.25
1.24
1.26
1.25
1.22
1.25
1.26
1.25
1.26
1.27
1.25
1.27
1.23
1.28
1.26
1.27
1.24
1.27
1.27
1.27
1.26
1.23
1.25
1.23
1.27
1.26
1.25
1.27
1.26
1.26
1.29
1.25
1.27
1.27
1.28
1.24
1.26
1.26
1.28
1.23
1.28
1.26
1.29
1.28
1.25
1.28
1.24
1.27
1.29
1.26
1.26
1.27
1.29
1.28
1.28
1.26
1.27
1.24
1.24
1.24
1.26
1.27
1.26
1.24
1.24
1.26
1.25
1.24
1.27
1.24
1.23
1.24
1.25
1.25
1.27
1.26
1.25
1.28
1.25
1.24
1.25
1.25
1.25
1.27
1.26
1.27
1.22
1.24
1.26
1.27
1.25
1.24
1.26
1.27
1.25
1.26
1.25
1.26
1.24
1.26
1.29
1.25
1.27
1.25
1.24
1.26
1.25
1.26
1.26
1.23
1.25
1.26
1.25
1.27
1.27
1.25
1.27
1.26
1.28
1.25
1.27
1.22
1.28
1.27
1.26
1.26
1.22
1.25
1.25
1.26
1.26
1.25
1.26
1.26
1.26
1.27
1.26
1.26
1.28
1.25
1.25
1.25
1.26
1.26
1.25
1.28
1.26
1.29
1.26
1.24
1.27
1.23
1.25
1.26
1.26
1.26
1.23
1.26
1.27
1.25
1.25
1.26
1.24
1.25
1.24
1.25
1.26
1.26
1.24
1.25
1.25
1.24
1.25
1.25
1.24
1.24
1.25
1.24
1.24
1.26
1.26
1.24
1.28
1.24
1.25
1.26
1.25
1.26
1.26
1.28
1.28
1.24
1.23
1.26
1.28
1.25
1.24
1.27
1.28
1.24
1.27
1.25
1.24
1.24
1.26
1.28
1.25
1.27
1.24
1.24
1.26
1.24
1.27
1.25
1.23
1.25
1.26
1.25
1.26
1.27
1.25
1.27
1.26
1.27
1.26
1.29
1.24
1.27
1.28
1.29
1.26
1.25
1.27
1.26
1.27
1.27
1.26
1.26
1.26
1.27
1.28
1.25
1.27
1.27
1.28
1.26
1.26
1.26
1.27
1.23
1.27
1.25
1.28
1.25
1.24
1.28
1.24
1.25
1.28
1.27
1.26
1.24
1.26
1.27
1.25
1.25
1.26
1.24
1.25
1.25
1.26
1.28
1.29
1.24
1.24
1.25
1.25
1.27
1.27
1.24
1.25
1.25
1.23
1.24
1.27
1.26
1.26
1.28
1.25
1.25
1.26
1.24
1.27
1.27
1.26
1.27
1.24
1.23
1.27
1.28
1.25
1.27
1.28
1.27
1.28
1.28
1.26
1.26
1.26
1.27
1.3
1.25
1.27
1.26
1.25
1.26
1.25
1.27
1.27
1.24
1.25
1.28
1.27
1.28
1.28
1.26
1.27
1.26
1.28
1.26
1.28
1.24
1.26
1.27
1.27
1.26
1.24
1.25
1.25
1.26
1.27
1.24
1.26
1.25
1.25
1.26
1.25
1.25
1.28
1.28
1.25
1.26
1.27
1.26
1.24
1.27
1.26
1.29
1.25
1.24
1.28
1.24
1.26
1.27
1.27
1.26
1.24
1.27
1.27
1.26
1.26
1.27
1.24
1.26
1.26
1.26
1.26
1.28
1.24
1.24
1.26
1.24
1.26
1.26
1.24
1.25
1.22
1.25
1.26
1.27
1.26
1.25
1.28
1.27
1.25
1.27
1.25
1.26
1.28
1.26
1.27
1.23
1.23
1.26
1.26
1.25
1.25
1.27
1.26
1.23
1.27
1.26
1.24
1.25
1.27
1.28
1.26
1.25
1.25
1.22
1.24
1.24
1.26
1.26
1.22
1.27
1.26
1.26
1.26
1.28
1.25
1.28
1.24
1.28
1.24
1.28
1.24
1.26
1.27
1.27
1.25
1.23
1.26
1.24
1.26
1.26
1.25
1.27
1.25
1.25
1.27
1.25
1.27
1.28
1.27
1.25
1.27
1.26
1.28
1.25
1.28
1.26
1.28
1.26
1.25
1.28
1.24
1.26
1.28
1.27
1.25
1.24
1.27
1.27
1.26
1.26
1.28
1.25
1.25
1.25
1.27
1.27
1.28
1.24
1.23
1.25
1.24
1.26
1.27
1.24
1.25
1.24
1.26
1.26
1.27
1.26
1.26
1.29
1.26
1.26
1.27
1.26
1.27
1.28
1.27
1.29
1.24
1.24
1.26
1.29
1.27
1.27
1.28
1.27
1.24
1.29
1.27
1.26
1.26
1.27
1.28
1.27
1.27
1.25
1.24
1.25
1.25
1.27
1.24
1.22
1.27
1.27
1.26
1.25
1.29
1.26
1.26
1.25
1.28
1.25
1.27
1.24
1.27
1.27
1.27
1.26
1.24
1.26
1.25
1.28
1.26
1.25
1.27
1.25
1.26
1.28
1.25
1.27
1.28
1.27
1.25
1.25
1.27
1.28
1.24
1.28
1.26
1.3
1.26
1.24
1.28
1.23
1.26
1.28
1.27
1.26
1.23
1.27
1.27
1.27
1.26
1.27
1.23
1.26
1.24
1.24
1.27
1.27
1.22
1.25
1.25
1.25
1.25
1.27
1.25
1.25
1.24
1.26
1.25
1.26
1.25
1.26
1.28
1.26
1.26
1.27
1.24
1.27
1.27
1.26
1.28
1.24
1.23
1.26
1.27
1.27
1.26
1.28
1.27
1.25
1.27
1.27
1.26
1.25
1.26
1.29
1.25
1.26
1.25
1.23
1.25
1.25
1.26
1.25
1.22
1.26
1.26
1.26
1.25
1.29
1.24
1.26
1.26
1.29
1.26
1.26
1.25
1.27
1.27
1.27
1.25
1.23
1.26
1.25
1.27
1.26
1.24
1.27
1.25
1.26
1.27
1.25
1.27
1.27
1.27
1.25
1.26
1.26
1.28
1.24
1.27
1.26
1.29
1.26
1.25
1.28
1.24
1.26
1.27
1.26
1.26
1.24
1.27
1.27
1.27
1.25
1.27
1.25
1.25
1.25
1.25
1.27
1.28
1.24
1.24
1.26
1.25
1.25
1.26
1.25
1.26
1.25
1.25
1.26
1.27
1.27
1.25
1.28
1.26
1.25
1.25
1.26
1.27
1.28
1.26
1.27
1.24
1.23
1.26
1.26
1.26
1.25
1.27
1.28
1.25
1.28
1.26
1.25
1.25
1.26
1.3
1.26
1.26
1.25
1.23
1.26
1.26
1.26
1.26
1.23
1.25
1.27
1.27
1.27
1.28
1.25
1.27
1.27
1.29
1.27
1.28
1.24
1.26
1.28
1.28
1.25
1.24
1.26
1.24
1.28
1.28
1.25
1.26
1.25
1.26
1.27
1.25
1.27
1.29
1.29
1.25
1.26
1.27
1.27
1.25
1.29
1.26
1.28
1.27
1.25
1.27
1.24
1.27
1.28
1.28
1.28
1.25
1.27
1.27
1.27
1.26
1.27
1.25
1.26
1.25
1.26
1.29
1.29
1.25
1.23
1.27
1.26
1.27
1.28
1.26
1.26
1.25
1.25
1.26
1.28
1.26
1.26
1.29
1.27
1.26
1.27
1.25
1.26
1.28
1.27
1.27
1.24
1.24
1.27
1.28
1.26
1.25
1.27
1.27
1.25
1.27
1.26
1.25
1.26
1.27
1.3
1.26
1.27
1.25
1.24
1.25
1.26
1.26
1.27
1.22
1.26
1.26
1.26
1.25
1.28
1.24
1.26
1.27
1.28
1.25
1.27
1.25
1.26
1.28
1.27
1.26
1.25
1.27
1.24
1.27
1.27
1.25
1.26
1.26
1.27
1.27
1.25
1.27
1.28
1.28
1.25
1.26
1.26
1.26
1.24
1.29
1.25
1.28
1.26
1.24
1.3
1.25
1.26
1.28
1.29
1.27
1.25
1.29
1.28
1.27
1.25
1.27
1.25
1.26
1.25
1.25
1.28
1.26
1.24
1.23
1.26
1.26
1.28
1.28
1.25
1.23
1.24
1.25
1.25
1.27
1.26
1.25
1.26
1.26
1.25
1.26
1.27
1.26
1.27
1.27
1.28
1.24
1.24
1.26
1.27
1.24
1.25
1.27
1.28
1.25
1.27
1.25
1.24
1.25
1.26
1.29
1.26
1.27
1.25
1.22
1.25
1.25
1.25
1.25
1.23
1.26
1.26
1.27
1.26
1.28
1.25
1.26
1.25
1.27
1.25
1.28
1.24
1.25
1.27
1.26
1.25
1.23
1.27
1.26
1.28
1.27
1.25
1.27
1.26
1.27
1.27
1.25
1.26
1.28
1.27
1.26
1.25
1.27
1.26
1.26
1.28
1.26
1.3
1.26
1.24
1.27
1.25
1.26
1.28
1.27
1.27
1.24
1.27
1.26
1.27
1.25
1.27
1.24
1.26
1.25
1.25
1.29
1.29
1.24
1.24
1.25
1.25
1.25
1.27
1.25
1.25
1.25
1.26
1.24
1.27
1.26
1.26
1.27
1.27
1.26
1.27
1.25
1.29
1.28
1.26
1.29
1.25
1.25
1.28
1.27
1.26
1.24
1.28
1.27
1.24
1.28
1.27
1.26
1.26
1.27
1.29
1.26
1.26
1.25
1.24
1.26
1.25
1.26
1.25
1.23
1.26
1.25
1.27
1.25
1.28
1.27
1.27
1.26
1.28
1.25
1.3
1.24
1.27
1.27
1.28
1.25
1.23
1.27
1.24
1.27
1.26
1.25
1.26
1.25
1.26
1.27
1.25
1.26
1.28
1.28
1.27
1.25
1.26
1.27
1.24
1.28
1.25
1.29
1.27
1.24
1.27
1.24
1.27
1.28
1.28
1.27
1.24
1.27
1.27
1.28
1.26
1.28
1.25
1.26
1.25
1.26
1.28
1.27
1.24
1.25
1.25
1.25
1.26
1.28
1.25
1.25
1.23
1.24
1.25
1.27
1.26
1.25
1.29
1.26
1.27
1.28
1.24
1.25
1.28
1.27
1.27
1.25
1.23
1.26
1.27
1.28
1.25
1.26
1.27
1.25
1.28
1.26
1.24
1.25
1.26
1.28
1.26
1.26
1.25
1.25
1.25
1.24
1.25
1.26
1.21
1.25
1.28
1.27
1.26
1.28
1.25
1.28
1.25
1.28
1.25
1.27
1.24
1.26
1.28
1.27
1.25
1.22
1.25
1.25
1.28
1.27
1.25
1.27
1.25
1.27
1.26
1.25
1.27
1.29
1.27
1.25
1.26
1.27
1.28
1.25
1.28
1.26
1.3
1.26
1.24
1.27
1.25
1.24
1.28
1.28
1.26
1.24
1.27
1.27
1.26
1.26
1.27
1.24
1.26
1.24
1.26
1.27
1.25
1.24
1.24
1.26
1.25
1.25
1.26
1.25
1.25
1.24
1.25
1.25
1.27
1.26
1.25
1.27
1.24
1.25
1.26
1.24
1.27
1.26
1.26
1.27
1.24
1.23
1.26
1.27
1.25
1.24
1.27
1.27
1.24
1.27
1.26
1.25
1.25
1.25
1.28
1.27
1.26
1.24
1.23
1.24
1.25
1.25
1.26
1.22
1.25
1.26
1.26
1.26
1.28
1.25
1.27
1.25
1.27
1.25
1.27
1.23
1.25
1.27
1.26
1.24
1.24
1.25
1.24
1.26
1.26
1.25
1.26
1.25
1.26
1.27
1.25
1.27
1.29
1.27
1.24
1.26
1.27
1.27
1.25
1.28
1.26
1.29
1.25
1.24
1.27
1.24
1.26
1.28
1.27
1.26
1.24
1.28
1.27
1.26
1.25
1.27
1.24
1.27
1.24
1.27
1.27
1.26
1.23
1.25
1.27
1.25
1.26
1.27
1.25
1.24
1.25
1.24
1.25
1.29
1.26
1.25
1.28
1.25
1.26
1.26
1.24
1.25
1.28
1.27
1.27
1.23
1.23
1.26
1.27
1.25
1.25
1.26
1.26
1.25
1.27
1.26
1.25
1.26
1.27
1.28
1.26
1.27
1.25
1.23
1.24
1.24
1.25
1.24
1.21
1.26
1.25
1.26
1.25
1.27
1.25
1.25
1.25
1.27
1.25
1.27
1.24
1.26
1.27
1.27
1.26
1.24
1.27
1.25
1.27
1.26
1.25
1.26
1.25
1.25
1.27
1.25
1.26
1.28
1.27
1.25
1.25
1.26
1.27
1.24
1.27
1.26
1.29
1.25
1.23
1.27
1.25
1.26
1.28
1.27
1.26
1.25
1.27
1.26
1.27
1.26
1.27
1.24
1.26
1.26
1.25
1.28
1.27
1.24
1.24
1.26
1.24
1.25
1.26
1.24
1.25
1.24
1.24
1.27
1.28
1.26
1.25
1.27
1.25
1.25
1.26
1.24
1.26
1.28
1.27
1.29
1.24
1.25
1.26
1.26
1.26
1.25
1.26
1.26
1.25
1.27
1.25
1.25
1.25
1.28
1.27
1.26
1.26
1.25
1.23
1.25
1.25
1.26
1.25
1.24
1.26
1.27
1.26
1.26
1.27
1.24
1.27
1.25
1.28
1.25
1.27
1.24
1.26
1.27
1.26
1.25
1.24
1.26
1.25
1.27
1.29
1.24
1.26
1.26
1.26
1.27
1.25
1.27
1.27
1.28
1.25
1.26
1.26
1.27
1.24
1.27
1.26
1.29
1.27
1.23
1.26
1.24
1.26
1.28
1.26
1.26
1.23
1.27
1.27
1.26
1.26
1.26
1.24
1.26
1.25
1.26
1.28
1.27
1.24
1.24
1.25
1.25
1.25
1.27
1.24
1.24
1.24
1.24
1.25
1.27
1.25
1.25
1.27
1.25
1.25
1.26
1.24
1.27
1.28
1.28
1.27
1.24
1.23
1.26
1.27
1.25
1.24
1.27
1.27
1.26
1.26
1.27
1.24
1.25
1.26
1.28
1.25
1.26
1.25
1.23
1.25
1.27
1.25
1.26
1.22
1.26
1.26
1.25
1.26
1.27
1.24
1.27
1.25
1.28
1.26
1.28
1.23
1.26
1.27
1.26
1.25
1.23
1.26
1.25
1.26
1.26
1.24
1.25
1.25
1.27
1.27
1.25
1.26
1.28
1.28
1.25
1.26
1.28
1.26
1.24
1.28
1.25
1.29
1.26
1.26
1.27
1.24
1.25
1.28
1.27
1.26
1.24
1.27
1.28
1.27
1.26
1.28
1.23
1.26
1.23
1.25
1.27
1.26
1.23
1.24
1.26
1.26
1.25
1.27
1.24
1.24
1.24
1.25
1.25
1.27
1.25
1.26
1.27
1.25
1.26
1.26
1.25
1.26
1.27
1.26
1.28
1.23
1.24
1.27
1.27
1.24
1.25
1.26
1.26
1.24
1.26
1.25
1.25
1.25
1.27
1.29
1.26
1.27
1.25
1.23
1.25
1.24
1.27
1.25
1.22
1.25
1.27
1.26
1.27
1.28
1.24
1.27
1.25
1.26
1.25
1.28
1.24
1.26
1.26
1.27
1.25
1.23
1.26
1.24
1.28
1.27
1.24
1.26
1.24
1.26
1.28
1.25
1.26
1.28
1.28
1.26
1.25
1.27
1.27
1.25
1.28
1.26
1.3
1.26
1.24
1.27
1.24
1.26
1.27
1.27
1.27
1.24
1.27
1.27
1.26
1.25
1.27
1.23
1.26
1.24
1.26
1.26
1.28
1.25
1.24
1.25
1.26
1.25
1.26
1.23
1.24
1.24
1.25
1.24
1.27
1.26
1.25
1.27
1.25
1.26
1.26
1.25
1.27
1.27
1.26
1.28
1.24
1.24
1.26
1.27
1.26
1.24
1.26
1.27
1.23
1.27
1.25
1.24
1.25
1.26
1.28
1.27
1.26
1.24
1.23
1.25
1.25
1.26
1.26
1.23
1.26
1.26
1.27
1.26
1.26
1.25
1.27
1.25
1.27
1.25
1.28
1.24
1.27
1.26
1.26
1.25
1.24
1.26
1.24
1.26
1.26
1.24
1.25
1.26
1.26
1.26
1.26
1.26
1.27
1.27
1.25
1.25
1.27
1.29
1.25
1.27
1.26
1.28
1.26
1.24
1.27
1.25
1.26
1.28
1.26
1.25
1.23
1.27
1.26
1.26
1.26
1.26
1.24
1.25
1.25
1.25
1.28
1.26
1.25
1.25
1.24
1.26
1.25
1.27
1.26
1.24
1.25
1.25
1.25
1.28
1.26
1.25
1.27
1.26
1.26
1.26
1.25
1.25
1.26
1.26
1.27
1.23
1.23
1.28
1.28
1.26
1.26
1.26
1.27
1.25
1.26
1.25
1.24
1.24
1.26
1.29
1.26
1.28
1.25
1.22
1.27
1.25
1.27
1.24
1.23
1.25
1.27
1.25
1.25
1.27
1.24
1.26
1.25
1.27
1.25
1.28
1.24
1.26
1.27
1.26
1.25
1.24
1.26
1.24
1.27
1.26
1.25
1.26
1.26
1.26
1.27
1.25
1.26
1.28
1.28
1.26
1.26
1.26
1.27
1.25
1.27
1.26
1.29
1.27
1.25
1.27
1.24
1.27
1.27
1.26
1.26
1.24
1.28
1.27
1.27
1.26
1.27
1.23
1.26
1.24
1.26
1.27
1.26
1.24
1.23
1.26
1.25
1.26
1.27
1.25
1.27
1.24
1.24
1.24
1.27
1.26
1.25
1.26
1.25
1.26
1.26
1.24
1.26
1.27
1.26
1.27
1.24
1.23
1.27
1.27
1.26
1.25
1.27
1.27
1.25
1.27
1.26
1.25
1.26
1.27
1.28
1.26
1.27
1.24
1.24
1.25
1.26
1.26
1.25
1.23
1.25
1.27
1.26
1.26
1.28
1.25
1.26
1.26
1.27
1.25
1.28
1.23
1.26
1.27
1.27
1.24
1.23
1.25
1.24
1.26
1.26
1.24
1.26
1.25
1.27
1.27
1.25
1.26
1.28
1.27
1.26
1.25
1.27
1.27
1.24
1.27
1.26
1.28
1.26
1.24
1.27
1.23
1.26
1.27
1.27
1.26
1.24
1.27
1.26
1.27
1.25
1.26
1.24
1.26
1.26
1.26
1.27
1.27
1.24
1.24
1.25
1.24
1.26
1.26
1.24
1.25
1.23
1.25
1.24
1.27
1.26
1.24
1.27
1.26
1.25
1.27
1.24
1.26
1.26
1.25
1.27
1.23
1.24
1.26
1.28
1.24
1.25
1.26
1.27
1.25
1.27
1.26
1.25
1.24
1.27
1.28
1.26
1.26
1.25
1.23
1.25
1.26
1.27
1.25
1.21
1.26
1.27
1.25
1.27
1.27
1.25
1.26
1.26
1.27
1.26
1.27
1.24
1.27
1.28
1.26
1.25
1.24
1.26
1.24
1.27
1.26
1.24
1.26
1.25
1.26
1.27
1.26
1.27
1.27
1.28
1.25
1.26
1.26
1.27
1.24
1.26
1.25
1.29
1.25
1.25
1.28
1.23
1.27
1.28
1.27
1.27
1.24
1.28
1.27
1.26
1.26
1.26
1.24
1.26
1.25
1.26
1.26
1.26
1.24
1.24
1.24
1.25
1.25
1.26
1.24
1.24
1.23
1.26
1.25
1.27
1.26
1.25
1.28
1.25
1.24
1.26
1.25
1.25
1.27
1.25
1.28
1.23
1.23
1.27
1.26
1.25
1.25
1.26
1.26
1.25
1.26
1.26
1.24
1.24
1.26
1.28
1.26
1.27
1.25
1.25
1.25
1.24
1.26
1.26
1.23
1.25
1.27
1.25
1.26
1.28
1.25
1.27
1.26
1.28
1.26
1.29
1.24
1.26
1.27
1.28
1.25
1.23
1.26
1.24
1.27
1.26
1.25
1.28
1.25
1.27
1.28
1.24
1.27
1.27
1.28
1.26
1.25
1.27
1.27
1.25
1.28
1.25
1.27
1.24
1.25
1.28
1.24
1.26
1.28
1.26
1.26
1.24
1.26
1.27
1.26
1.26
1.27
1.24
1.25
1.26
1.26
1.27
1.26
1.24
1.23
1.25
1.25
1.25
1.27
1.24
1.25
1.23
1.26
1.25
1.27
1.26
1.25
1.28
1.26
1.25
1.26
1.25
1.26
1.27
1.26
1.27
1.23
1.23
1.25
1.26
1.25
1.25
1.27
1.26
1.24
1.28
1.26
1.24
1.25
1.26
1.28
1.26
1.26
1.24
1.23
1.25
1.25
1.25
1.25
1.21
1.27
1.25
1.27
1.26
1.28
1.25
1.25
1.24
1.26
1.24
1.27
1.24
1.26
1.27
1.27
1.26
1.23
1.27
1.25
1.26
1.28
1.25
1.27
1.26
1.26
1.27
1.25
1.27
1.28
1.27
1.25
1.25
1.27
1.29
1.24
1.27
1.25
1.28
1.25
1.23
1.28
1.24
1.25
1.29
1.27
1.26
1.24
1.28
1.27
1.27
1.26
1.27
1.25
1.26
1.25
1.26
1.26
1.25
1.22
1.24
1.26
1.25
1.25
1.27
1.25
1.25
1.23
1.24
1.25
1.27
1.26
1.25
1.27
1.26
1.25
1.26
1.24
1.25
1.26
1.24
1.26
1.23
1.23
1.27
1.28
1.25
1.25
1.27
1.26
