6.59
6.43
6.28
6.25
6.38
6.33
6.28
6.2
5.93
5.82
5.83
5.68
5.36
5.16
5.26
5.09
4.62
4.66
4.4
4.36
4.03
3.75
3.92
3.65
3.5
3.82
3.68
3.36
3.31
3.63
3.3
3.14
3.2
3.07
2.94
2.93
2.79
2.84
2.82
2.68
2.71
2.68
2.58
2.53
2.3
2.33
2.35
2.34
2.4
2.25
2.18
2.22
2.29
2.23
2.24
2.05
2.21
2.12
2.09
2.03
2.01
2.03
2.16
2.13
2.02
1.91
2.0
1.98
1.96
1.91
1.89
1.94
1.93
1.91
1.99
1.9
1.87
1.93
1.92
1.86
1.88
1.83
1.87
1.87
1.92
1.85
1.9
1.75
1.84
1.8
1.78
1.86
1.77
1.72
1.74
1.89
1.73
1.74
1.82
1.78
1.72
1.75
1.81
1.73
1.72
1.78
1.77
1.68
1.76
1.72
1.72
1.73
1.72
1.66
1.69
1.72
1.66
1.71
1.7
1.81
1.72
1.7
1.75
1.71
1.63
1.71
1.75
1.68
1.66
1.64
1.69
1.63
1.68
1.65
1.63
1.63
1.6
1.68
1.63
1.57
1.67
1.63
1.58
1.66
1.67
1.64
1.59
1.58
1.57
1.64
1.64
1.66
1.63
1.65
1.63
1.61
1.54
1.62
1.58
1.53
1.53
1.6
1.63
1.61
1.63
1.56
1.61
1.59
1.51
1.58
1.57
1.59
1.57
1.63
1.57
1.58
1.52
1.58
1.61
1.53
1.59
1.56
1.57
1.53
1.6
1.56
1.54
1.52
1.52
1.58
1.54
1.54
1.54
1.51
1.54
1.51
1.55
1.52
1.53
1.53
1.55
1.48
1.48
1.55
1.53
1.5
1.5
1.54
1.46
1.43
1.46
1.52
1.52
1.52
1.52
1.53
1.49
1.48
1.53
1.51
1.44
1.51
1.44
1.47
1.55
1.5
1.49
1.52
1.47
1.45
1.49
1.48
1.47
1.46
1.48
1.49
1.46
1.46
1.46
1.47
1.45
1.45
1.44
1.51
1.41
1.45
1.51
1.45
1.48
1.45
1.42
1.41
1.43
1.41
1.44
1.44
1.44
1.44
1.47
1.48
1.4
1.42
1.47
1.44
1.48
1.41
1.43
1.5
1.45
1.44
1.39
1.43
1.41
1.41
1.41
1.43
1.44
1.46
1.4
1.43
1.43
1.36
1.44
1.42
1.44
1.45
1.43
1.47
1.41
1.4
1.43
1.43
1.44
1.41
1.44
1.41
1.43
1.44
1.43
1.41
1.38
1.43
1.4
1.44
1.42
1.41
1.37
1.4
1.44
1.41
1.38
1.39
1.38
1.37
1.35
1.41
1.4
1.36
1.41
1.4
1.4
1.43
1.38
1.39
1.42
1.37
1.41
1.38
1.4
1.42
1.41
1.37
1.42
1.36
1.37
1.42
1.39
1.37
1.37
1.37
1.42
1.39
1.35
1.37
1.41
1.38
1.38
1.37
1.44
1.38
1.38
1.39
1.37
1.38
1.37
1.4
1.35
1.4
1.37
1.4
1.41
1.38
1.37
1.36
1.4
1.35
1.35
1.36
1.4
1.37
1.35
1.39
1.4
1.36
1.4
1.34
1.38
1.39
1.37
1.36
1.36
1.39
1.38
1.36
1.38
1.39
1.36
1.38
1.37
1.39
1.4
1.36
1.39
1.36
1.38
1.36
1.33
1.36
1.37
1.34
1.34
1.37
1.37
1.35
1.38
1.35
1.37
1.36
1.37
1.35
1.36
1.36
1.34
1.42
1.37
1.37
1.34
1.34
1.33
1.33
1.37
1.37
1.35
1.35
1.32
1.4
1.35
1.41
1.37
1.37
1.33
1.36
1.37
1.37
1.39
1.39
1.38
1.39
1.37
1.37
1.42
1.32
1.36
1.38
1.34
1.37
1.33
1.36
1.34
1.37
1.36
1.32
1.36
1.38
1.33
1.34
1.35
1.36
1.36
1.36
1.36
1.33
1.34
1.33
1.34
1.36
1.34
1.36
1.33
1.34
1.34
1.34
1.33
1.4
1.36
1.33
1.33
1.36
1.36
1.39
1.31
1.33
1.32
1.31
1.34
1.35
1.32
1.34
1.32
1.32
1.36
1.33
1.38
1.34
1.35
1.36
1.32
1.37
1.37
1.33
1.35
1.32
1.34
1.33
1.34
1.32
1.36
1.34
1.33
1.35
1.35
1.37
1.34
1.37
1.34
1.35
1.32
1.3
1.36
1.34
1.34
1.35
1.32
1.31
1.32
1.34
1.33
1.33
1.35
1.36
1.38
1.35
1.34
1.36
1.34
1.33
1.36
1.35
1.36
1.37
1.37
1.32
1.35
1.32
1.36
1.37
1.33
1.34
1.36
1.34
1.37
1.31
1.34
1.34
1.39
1.36
1.31
1.36
1.38
1.31
1.35
1.35
1.35
1.33
1.34
1.35
1.33
1.36
1.32
1.35
1.35
1.36
1.34
1.33
1.33
1.33
1.34
1.35
1.37
1.37
1.3
1.34
1.35
1.34
1.37
1.3
1.33
1.32
1.34
1.34
1.31
1.34
1.34
1.32
1.33
1.35
1.3
1.35
1.32
1.33
1.35
1.32
1.34
1.34
1.34
1.32
1.33
1.33
1.34
1.34
1.31
1.35
1.33
1.31
1.34
1.33
1.36
1.35
1.36
1.34
1.32
1.3
1.32
1.33
1.34
1.33
1.33
1.34
1.3
1.31
1.34
1.32
1.34
1.33
1.31
1.34
1.33
1.32
1.33
1.36
1.31
1.34
1.34
1.33
1.33
1.34
1.31
1.33
1.33
1.33
1.34
1.31
1.35
1.34
1.33
1.36
1.3
1.34
1.32
1.37
1.32
1.31
1.34
1.36
1.3
1.35
1.34
1.34
1.34
1.34
1.34
1.32
1.32
1.3
1.32
1.33
1.34
1.33
1.32
1.31
1.3
1.32
1.34
1.37
1.33
1.28
1.34
1.34
1.32
1.35
1.29
1.33
1.32
1.3
1.32
1.32
1.33
1.32
1.31
1.32
1.32
1.3
1.36
1.32
1.32
1.33
1.32
1.35
1.32
1.34
1.33
1.32
1.31
1.33
1.32
1.31
1.35
1.3
1.31
1.32
1.34
1.35
1.33
1.34
1.33
1.32
1.31
1.29
1.33
1.34
1.32
1.34
1.33
1.29
1.3
1.36
1.32
1.33
1.33
1.3
1.33
1.33
1.32
1.34
1.32
1.32
1.32
1.34
1.33
1.34
1.32
1.33
1.35
1.32
1.33
1.33
1.31
1.32
1.33
1.33
1.35
1.32
1.31
1.33
1.33
1.32
1.3
1.33
1.37
1.31
1.34
1.35
1.34
1.31
1.32
1.33
1.35
1.35
1.3
1.31
1.35
1.34
1.33
1.32
1.31
1.3
1.31
1.31
1.36
1.33
1.3
1.34
1.34
1.32
1.34
1.3
1.33
1.3
1.32
1.31
1.33
1.32
1.33
1.33
1.31
1.33
1.3
1.34
1.32
1.31
1.32
1.32
1.34
1.32
1.31
1.28
1.29
1.31
1.32
1.31
1.29
1.32
1.3
1.32
1.33
1.34
1.34
1.34
1.33
1.31
1.32
1.3
1.27
1.35
1.31
1.31
1.32
1.3
1.29
1.32
1.35
1.32
1.3
1.3
1.32
1.34
1.32
1.33
1.34
1.33
1.3
1.33
1.34
1.31
1.34
1.34
1.31
1.33
1.34
1.31
1.33
1.31
1.3
1.33
1.32
1.34
1.3
1.31
1.3
1.36
1.33
1.3
1.35
1.35
1.31
1.33
1.31
1.34
1.34
1.33
1.32
1.31
1.33
1.3
1.31
1.33
1.32
1.32
1.32
1.32
1.29
1.32
1.33
1.35
1.33
1.27
1.36
1.33
1.31
1.35
1.29
1.35
1.3
1.31
1.31
1.3
1.3
1.32
1.3
1.29
1.31
1.3
1.34
1.31
1.32
1.31
1.31
1.33
1.33
1.29
1.31
1.3
1.3
1.3
1.31
1.29
1.32
1.3
1.29
1.34
1.3
1.35
1.33
1.33
1.31
1.31
1.29
1.31
1.34
1.32
1.3
1.31
1.28
1.29
1.31
1.34
1.31
1.31
1.31
1.31
1.35
1.32
1.32
1.33
1.31
1.29
1.33
1.33
1.32
1.34
1.33
1.31
1.33
1.32
1.3
1.32
1.3
1.31
1.33
1.29
1.31
1.3
1.31
1.31
1.36
1.31
1.3
1.33
1.34
1.32
1.34
1.31
1.31
1.32
1.33
1.31
1.31
1.35
1.3
1.29
1.33
1.31
1.31
1.29
1.3
1.29
1.3
1.32
1.33
1.31
1.27
1.33
1.33
1.31
1.33
1.31
1.32
1.32
1.31
1.32
1.3
1.31
1.35
1.34
1.32
1.33
1.3
1.34
1.31
1.33
1.32
1.31
1.31
1.32
1.33
1.31
1.3
1.3
1.33
1.31
1.29
1.32
1.32
1.29
1.33
1.32
1.35
1.32
1.34
1.31
1.31
1.29
1.27
1.33
1.32
1.3
1.31
1.3
1.29
1.3
1.31
1.32
1.32
1.3
1.32
1.33
1.3
1.31
1.32
1.31
1.29
1.33
1.32
1.32
1.34
1.33
1.29
1.32
1.32
1.32
1.31
1.29
1.31
1.32
1.31
1.33
1.29
1.3
1.31
1.36
1.3
1.29
1.33
1.36
1.31
1.33
1.31
1.33
1.32
1.31
1.34
1.3
1.32
1.29
1.3
1.31
1.31
1.31
1.31
1.31
1.29
1.31
1.31
1.33
1.3
1.27
1.34
1.34
1.31
1.35
1.29
1.31
1.3
1.3
1.32
1.31
1.29
1.31
1.32
1.29
1.31
1.3
1.33
1.31
1.32
1.33
1.31
1.32
1.32
1.3
1.32
1.29
1.3
1.32
1.3
1.3
1.33
1.31
1.3
1.32
1.31
1.34
1.33
1.34
1.3
1.3
1.29
1.26
1.35
1.31
1.3
1.32
1.29
1.28
1.3
1.33
1.3
1.32
1.3
1.3
1.32
1.31
1.32
1.31
1.31
1.29
1.31
1.32
1.32
1.35
1.33
1.3
1.32
1.32
1.31
1.32
1.3
1.31
1.33
1.31
1.32
1.3
1.31
1.32
1.35
1.3
1.31
1.33
1.34
1.31
1.33
1.3
1.31
1.31
1.31
1.32
1.3
1.31
1.3
1.29
1.31
1.32
1.31
1.31
1.3
1.29
1.3
1.33
1.34
1.31
1.27
1.33
1.31
1.31
1.33
1.29
1.32
1.29
1.31
1.3
1.3
1.29
1.31
1.31
1.29
1.31
1.3
1.32
1.3
1.31
1.31
1.31
1.32
1.32
1.29
1.31
1.29
1.28
1.31
1.28
1.29
1.32
1.3
1.29
1.32
1.31
1.34
1.32
1.32
1.32
1.3
1.28
1.26
1.31
1.32
1.3
1.31
1.29
1.29
1.28
1.34
1.3
1.3
1.31
1.3
1.34
1.3
1.31
1.33
1.31
1.3
1.32
1.33
1.33
1.32
1.32
1.32
1.33
1.34
1.31
1.31
1.3
1.31
1.32
1.32
1.33
1.3
1.29
1.3
1.34
1.3
1.3
1.33
1.36
1.29
1.31
1.31
1.32
1.31
1.3
1.32
1.31
1.32
1.29
1.3
1.33
1.31
1.3
1.3
1.31
1.28
1.31
1.32
1.33
1.32
1.27
1.33
1.32
1.32
1.34
1.28
1.31
1.3
1.29
1.31
1.29
1.31
1.32
1.31
1.29
1.33
1.29
1.34
1.33
1.33
1.34
1.3
1.33
1.32
1.29
1.32
1.3
1.29
1.32
1.3
1.29
1.33
1.32
1.32
1.32
1.3
1.33
1.33
1.33
1.32
1.3
1.28
1.26
1.32
1.3
1.33
1.3
1.29
1.28
1.31
1.35
1.3
1.31
1.3
1.33
1.34
1.3
1.31
1.33
1.31
1.29
1.32
1.33
1.33
1.32
1.33
1.28
1.32
1.31
1.31
1.31
1.29
1.32
1.34
1.3
1.33
1.29
1.31
1.32
1.35
1.3
1.28
1.33
1.34
1.3
1.32
1.3
1.31
1.3
1.3
1.32
1.3
1.32
1.3
1.29
1.32
1.32
1.3
1.31
1.31
1.29
1.32
1.32
1.34
1.3
1.28
1.33
1.32
1.3
1.33
1.28
1.33
1.29
1.31
1.31
1.28
1.31
1.32
1.3
1.28
1.32
1.3
1.32
1.32
1.31
1.3
1.31
1.32
1.31
1.29
1.3
1.3
1.29
1.31
1.3
1.3
1.32
1.31
1.3
1.32
1.31
1.33
1.31
1.32
1.31
1.31
1.29
1.29
1.33
1.3
1.3
1.32
1.28
1.27
1.28
1.33
1.3
1.31
1.32
1.31
1.34
1.35
1.33
1.32
1.3
1.29
1.31
1.32
1.31
1.33
1.31
1.32
1.32
1.31
1.31
1.3
1.31
1.31
1.33
1.32
1.33
1.3
1.3
1.29
1.35
1.31
1.28
1.32
1.35
1.31
1.32
1.31
1.32
1.33
1.3
1.31
1.31
1.33
1.29
1.3
1.31
1.3
1.32
1.32
1.3
1.32
1.31
1.32
1.36
1.32
1.29
1.33
1.33
1.3
1.33
1.3
1.31
1.28
1.31
1.31
1.29
1.31
1.32
1.3
1.3
1.32
1.32
1.33
1.31
1.32
1.32
1.32
1.34
1.32
1.3
1.3
1.31
1.29
1.31
1.31
1.29
1.32
1.31
1.31
1.33
1.32
1.34
1.33
1.32
1.3
1.31
1.29
1.28
1.33
1.32
1.29
1.31
1.29
1.27
1.29
1.33
1.32
1.31
1.32
1.31
1.34
1.3
1.31
1.34
1.31
1.3
1.33
1.33
1.32
1.33
1.31
1.29
1.31
1.32
1.3
1.3
1.29
1.31
1.33
1.3
1.31
1.29
1.3
1.3
1.34
1.3
1.27
1.32
1.34
1.3
1.33
1.3
1.31
1.33
1.31
1.32
1.3
1.32
1.28
1.29
1.33
1.31
1.3
1.31
1.3
1.27
1.3
1.32
1.34
1.3
1.27
1.32
1.31
1.3
1.33
1.28
1.31
1.29
1.3
1.3
1.3
1.31
1.32
1.29
1.3
1.31
1.3
1.31
1.31
1.31
1.32
1.3
1.32
1.32
1.31
1.31
1.29
1.29
1.31
1.28
1.29
1.31
1.31
1.3
1.32
1.3
1.34
1.31
1.32
1.3
1.3
1.28
1.27
1.33
1.31
1.3
1.31
1.29
1.27
1.3
1.33
1.32
1.31
1.31
1.31
1.34
1.31
1.34
1.33
1.32
1.29
1.32
1.33
1.32
1.33
1.32
1.3
1.32
1.32
1.31
1.31
1.3
1.31
1.35
1.31
1.34
1.29
1.31
1.32
1.35
1.3
1.28
1.31
1.35
1.32
1.34
1.31
1.34
1.31
1.3
1.31
1.31
1.34
1.29
1.28
1.32
1.3
1.3
1.32
1.31
1.27
1.3
1.3
1.34
1.3
1.28
1.33
1.32
1.31
1.33
1.3
1.32
1.29
1.29
1.31
1.29
1.31
1.33
1.31
1.3
1.31
1.29
1.33
1.31
1.32
1.31
1.29
1.32
1.3
1.3
1.3
1.3
1.29
1.32
1.3
1.28
1.31
1.31
1.29
1.32
1.31
1.33
1.31
1.33
1.3
1.31
1.3
1.27
1.36
1.3
1.31
1.32
1.28
1.28
1.3
1.34
1.33
1.3
1.31
1.32
1.35
1.31
1.31
1.34
1.32
1.29
1.33
1.33
1.34
1.33
1.33
1.29
1.34
1.33
1.31
1.33
1.3
1.3
1.34
1.31
1.32
1.3
1.31
1.33
1.35
1.31
1.3
1.33
1.36
1.3
1.32
1.31
1.31
1.33
1.32
1.32
1.32
1.34
1.29
1.31
1.34
1.32
1.31
1.33
1.31
1.29
1.31
1.34
1.35
1.31
1.29
1.32
1.34
1.32
1.35
1.3
1.33
1.3
1.3
1.33
1.3
1.32
1.33
1.31
1.29
1.32
1.28
1.35
1.32
1.31
1.32
1.32
1.34
1.32
1.29
1.3
1.3
1.32
1.32
1.29
1.28
1.33
1.32
1.31
1.34
1.32
1.36
1.32
1.33
1.31
1.3
1.3
1.3
1.33
1.3
1.31
1.31
1.29
1.28
1.29
1.33
1.3
1.31
1.3
1.33
1.35
1.31
1.3
1.33
1.32
1.3
1.34
1.32
1.31
1.34
1.33
1.31
1.33
1.32
1.3
1.34
1.31
1.32
1.33
1.32
1.32
1.3
1.29
1.31
1.35
1.3
1.3
1.33
1.36
1.31
1.34
1.33
1.33
1.31
1.31
1.31
1.3
1.34
1.3
1.3
1.34
1.33
1.32
1.31
1.32
1.29
1.31
1.32
1.36
1.31
1.29
1.33
1.34
1.32
1.34
1.29
1.33
1.3
1.3
1.34
1.31
1.31
1.33
1.31
1.31
1.32
1.29
1.35
1.31
1.32
1.32
1.31
1.33
1.32
1.3
1.31
1.3
1.3
1.31
1.3
1.29
1.34
1.31
1.3
1.35
1.34
1.36
1.31
1.32
1.32
1.31
1.28
1.27
1.33
1.31
1.32
1.3
1.3
1.27
1.28
1.33
1.31
1.32
1.32
1.32
1.35
1.3
1.31
1.33
1.32
1.29
1.3
1.33
1.32
1.34
1.32
1.29
1.34
1.32
1.31
1.33
1.32
1.32
1.32
1.32
1.34
1.29
1.31
1.31
1.35
1.31
1.29
1.33
1.35
1.3
1.33
1.31
1.33
1.3
1.32
1.31
1.31
1.33
1.28
1.3
1.33
1.31
1.31
1.31
1.31
1.3
1.31
1.31
1.34
1.32
1.27
1.32
1.33
1.3
1.33
1.28
1.33
1.3
1.31
1.31
1.31
1.32
1.32
1.32
1.31
1.32
1.29
1.33
1.32
1.3
1.33
1.31
1.33
1.3
1.29
1.3
1.29
1.29
1.31
1.3
1.29
1.33
1.31
1.3
1.33
1.32
1.35
1.32
1.33
1.31
1.31
1.28
1.28
1.33
1.31
1.3
1.31
1.31
1.28
1.3
1.33
1.32
1.29
1.33
1.3
1.33
1.31
1.32
1.32
1.31
1.31
1.32
1.33
1.33
1.34
1.34
1.31
1.33
1.32
1.31
1.33
1.3
1.32
1.34
1.32
1.33
1.3
1.32
1.3
1.35
1.33
1.29
1.32
1.35
1.31
1.32
1.31
1.32
1.31
1.31
1.32
1.31
1.32
1.31
1.31
1.32
1.32
1.32
1.3
1.33
1.3
1.32
1.32
1.35
1.32
1.29
1.33
1.32
1.31
1.33
1.29
1.32
1.29
1.31
1.31
1.3
1.31
1.32
1.3
1.3
1.3
1.29
1.33
1.3
1.32
1.32
1.31
1.34
1.31
1.3
1.31
1.29
1.3
1.32
1.3
1.29
1.33
1.29
1.29
1.34
1.3
1.35
1.31
1.34
1.32
1.3
1.3
1.28
1.32
1.3
1.3
1.31
1.29
1.28
1.28
1.35
1.32
1.31
1.31
1.31
1.34
1.3
1.31
1.33
1.32
1.3
1.32
1.35
1.32
1.35
1.33
1.3
1.32
1.32
1.32
1.32
1.31
1.32
1.34
1.31
1.34
1.31
1.32
1.31
1.35
1.31
1.28
1.34
1.34
1.29
1.34
1.33
1.33
1.31
1.31
1.31
1.3
1.34
1.28
1.3
1.34
1.31
1.32
1.34
1.32
1.29
1.33
1.33
1.34
1.33
1.28
1.33
1.33
1.32
1.35
1.29
1.33
1.3
1.32
1.34
1.31
1.31
1.33
1.32
1.29
1.31
1.3
1.35
1.3
1.31
1.32
1.32
1.33
1.33
1.31
1.3
1.3
1.31
1.32
1.3
1.29
1.32
1.31
1.31
1.34
1.32
1.33
1.32
1.31
1.31
1.3
1.29
1.28
1.33
1.32
1.3
1.32
1.3
1.29
1.29
1.34
1.3
1.3
1.32
1.31
1.33
1.31
1.3
1.32
1.32
1.28
1.32
1.34
1.3
1.32
1.32
1.3
1.32
1.33
1.31
1.32
1.3
1.31
1.32
1.3
1.31
1.3
1.29
1.31
1.35
1.32
1.29
1.33
1.35
1.3
1.35
1.31
1.33
1.31
1.31
1.33
1.31
1.32
1.29
1.3
1.32
1.32
1.31
1.31
1.32
1.28
1.34
1.33
1.36
1.3
1.28
1.32
1.34
1.32
1.34
1.29
1.31
1.29
1.3
1.33
1.31
1.3
1.32
1.31
1.29
1.32
1.29
1.33
1.31
1.31
1.32
1.3
1.32
1.31
1.3
1.31
1.31
1.3
1.31
1.3
1.29
1.32
1.3
1.3
1.31
1.32
1.35
1.31
1.32
1.31
1.31
1.29
1.28
1.31
1.31
1.3
1.32
1.28
1.28
1.3
1.32
1.31
1.32
1.31
1.31
1.34
1.31
1.32
1.31
1.29
1.3
1.31
1.33
1.32
1.33
1.33
1.3
1.33
1.32
1.32
1.31
1.3
1.32
1.31
1.3
1.35
1.28
1.31
1.29
1.35
1.29
1.29
1.33
1.35
1.31
1.3
1.31
1.33
1.31
1.31
1.32
1.3
1.33
1.29
1.31
1.32
1.31
1.29
1.32
1.31
1.29
1.31
1.33
1.33
1.32
1.27
1.32
1.31
1.31
1.33
1.29
1.31
1.3
1.31
1.32
1.3
1.31
1.32
1.32
1.29
1.31
1.3
1.32
1.33
1.31
1.31
1.3
1.32
1.31
1.31
1.29
1.29
1.28
1.32
1.29
1.29
1.31
1.31
1.29
1.32
1.31
1.33
1.31
1.33
1.3
1.31
1.29
1.28
1.33
1.31
1.31
1.31
1.29
1.27
1.29
1.34
1.31
1.31
1.31
1.31
1.33
1.32
1.31
1.32
1.29
1.3
1.31
1.31
1.31
1.33
1.32
1.32
1.34
1.31
1.31
1.31
1.3
1.31
1.32
1.31
1.33
1.3
1.3
1.3
1.35
1.31
1.29
1.32
1.35
1.29
1.31
1.31
1.31
1.31
1.31
1.32
1.3
1.32
1.28
1.3
1.32
1.31
1.31
1.32
1.31
1.29
1.31
1.32
1.33
1.31
1.28
1.32
1.33
1.3
1.34
1.27
1.32
1.29
1.3
1.33
1.28
1.31
1.32
1.33
1.3
1.3
1.3
1.33
1.32
1.32
1.32
1.33
1.35
1.31
1.3
1.31
1.29
1.28
1.31
1.29
1.29
1.33
1.3
1.31
1.31
1.3
1.33
1.31
1.32
1.31
1.3
1.28
1.28
1.32
1.31
1.31
1.31
1.29
1.28
1.3
1.33
1.31
1.31
1.29
1.3
1.34
1.3
1.31
1.33
1.32
1.3
1.31
1.31
1.33
1.34
1.32
1.3
1.31
1.31
1.3
1.32
1.29
1.32
1.33
1.31
1.32
1.3
1.3
1.3
1.34
1.31
1.27
1.32
1.35
1.3
1.32
1.31
1.31
1.31
1.3
1.33
1.29
1.32
1.3
1.3
1.33
1.32
1.3
1.33
1.3
1.28
1.32
1.32
1.35
1.32
1.27
1.33
1.31
1.31
1.33
1.29
1.31
1.3
1.3
1.3
1.28
1.29
1.32
1.3
1.28
1.3
1.28
1.33
1.31
1.3
1.34
1.29
1.33
1.3
1.3
1.31
1.29
1.29
1.31
1.3
1.29
1.33
1.31
1.29
1.32
1.3
1.34
1.31
1.31
1.31
1.32
1.29
1.29
1.33
1.31
1.29
1.31
1.29
1.27
1.28
1.32
1.31
1.31
1.31
1.31
1.33
1.31
1.3
1.32
1.3
1.29
1.3
1.32
1.31
1.34
1.33
1.3
1.33
1.31
1.31
1.31
1.31
1.32
1.33
1.31
1.32
1.3
1.29
1.29
1.35
1.3
1.28
1.33
1.35
1.3
1.31
1.31
1.31
1.31
1.31
1.32
1.3
1.31
1.3
1.3
1.32
1.31
1.29
1.31
1.3
1.29
1.3
1.31
1.34
1.32
1.28
1.33
1.31
1.29
1.33
1.28
1.3
1.29
1.3
1.29
1.29
1.31
1.32
1.3
1.3
1.3
1.29
1.32
1.32
1.31
1.32
1.31
1.32
1.32
1.3
1.31
1.3
1.29
1.3
1.3
1.3
1.32
1.31
1.28
1.32
1.3
1.34
1.31
1.32
1.32
1.32
1.3
1.28
1.31
1.31
1.3
1.31
1.3
1.28
1.28
1.33
1.3
1.3
1.31
1.31
1.32
1.32
1.3
1.3
1.3
1.3
1.31
1.32
1.32
1.33
1.32
1.32
1.32
1.31
1.32
1.31
1.3
1.3
1.32
1.31
1.33
1.28
1.3
1.3
1.36
1.32
1.29
1.34
1.34
1.29
1.3
1.31
1.32
1.31
1.3
1.31
1.29
1.33
1.3
1.3
1.31
1.32
1.3
1.32
1.31
1.29
1.33
1.33
1.34
1.31
1.27
1.33
1.32
1.31
1.36
1.28
1.32
1.29
1.32
1.31
1.29
1.31
1.32
1.3
1.3
1.32
1.3
1.32
1.31
1.32
1.32
1.31
1.32
1.31
1.31
1.3
1.29
1.29
1.32
1.31
1.28
1.33
1.32
1.29
1.32
1.31
1.35
1.34
1.32
1.31
1.31
1.29
1.28
1.34
1.3
1.3
1.32
1.29
1.28
1.28
1.33
1.31
1.31
1.3
1.31
1.35
1.32
1.31
1.32
1.31
1.29
1.32
1.31
1.32
1.34
1.31
1.3
1.33
1.3
1.31
1.32
1.28
1.31
1.32
1.3
1.33
1.29
1.3
1.31
1.34
1.3
1.27
1.33
1.34
1.3
1.31
1.31
1.31
1.32
1.31
1.32
1.3
1.32
1.31
1.3
1.33
1.33
1.3
1.32
1.3
1.29
1.3
1.31
1.34
1.32
1.28
1.34
1.33
1.31
1.33
1.27
1.3
1.29
1.3
1.3
1.29
1.31
1.33
1.31
1.29
1.3
1.29
1.32
1.31
1.32
1.31
1.29
1.32
1.31
1.29
1.3
1.3
1.28
1.3
1.29
1.29
1.31
1.29
1.3
1.34
1.31
1.33
1.33
1.32
1.31
1.29
1.27
1.27
1.34
1.3
1.3
1.3
1.29
1.28
1.31
1.32
1.3
1.32
1.33
1.31
1.34
1.29
1.32
1.34
1.31
1.29
1.32
1.32
1.32
1.34
1.32
1.3
1.33
1.34
1.32
1.31
1.3
1.3
1.33
1.31
1.32
1.29
1.3
1.3
1.34
1.3
1.28
1.32
1.35
1.29
1.33
1.32
1.33
1.32
1.32
1.32
1.3
1.34
1.29
1.29
1.34
1.32
1.31
1.32
1.31
1.29
1.31
1.31
1.34
1.3
1.28
1.33
1.34
1.31
1.33
1.3
1.32
1.3
1.3
1.32
1.29
1.3
1.33
1.31
1.3
1.32
1.29
1.35
1.31
1.33
1.31
1.31
1.33
1.32
1.3
1.3
1.28
1.28
1.31
1.3
1.3
1.33
1.29
1.29
1.33
1.3
1.34
1.33
1.32
1.33
1.31
1.29
1.29
1.33
1.31
1.31
1.32
1.29
1.28
1.3
1.34
1.31
1.32
1.29
1.31
1.35
1.3
1.32
1.34
1.33
1.3
1.34
1.32
1.32
1.34
1.32
1.3
1.34
1.33
1.3
1.34
1.3
1.31
1.35
1.32
1.33
1.3
1.3
1.3
1.35
1.31
1.27
1.33
1.35
1.3
1.32
1.31
1.32
1.32
1.32
1.31
1.31
1.34
1.29
1.3
1.34
1.32
1.31
1.33
1.31
1.29
1.3
1.32
1.33
1.29
1.3
1.33
1.33
1.31
1.34
1.27
1.3
1.3
1.3
1.31
1.29
1.31
1.33
1.31
1.31
1.31
1.29
1.34
1.31
1.32
1.31
1.3
1.33
1.31
1.3
1.31
1.3
1.28
1.31
1.31
1.3
1.33
1.29
1.28
1.32
1.32
1.34
1.32
1.32
1.3
1.3
1.28
1.29
1.32
1.31
1.31
1.32
1.28
1.27
1.29
1.31
1.31
1.32
1.31
1.3
1.34
1.31
1.3
1.33
1.3
1.28
1.32
1.31
1.32
1.34
1.32
1.31
1.31
1.33
1.31
1.32
1.3
1.31
1.34
1.3
1.33
1.29
1.29
1.31
1.36
1.32
1.28
1.33
1.36
1.31
1.32
1.3
1.31
1.32
1.31
1.33
1.31
1.34
1.29
1.3
1.34
1.32
1.32
1.32
1.31
1.3
1.31
1.33
1.34
1.31
1.29
1.33
1.33
1.32
1.35
1.29
1.31
1.3
1.3
1.31
1.3
1.31
1.33
1.31
1.31
1.31
1.29
1.34
1.31
1.31
1.32
1.3
1.34
1.32
1.32
1.3
1.29
1.3
1.31
1.31
1.29
1.32
1.31
1.3
1.33
1.32
1.33
1.32
1.32
1.32
1.33
1.29
1.28
1.34
1.3
1.3
1.3
1.29
1.28
1.29
1.33
1.31
1.3
1.31
1.3
1.33
1.31
1.31
1.33
1.31
1.28
1.34
1.32
1.32
1.33
1.32
1.31
1.33
1.31
1.31
1.34
1.32
1.31
1.34
1.3
1.33
1.29
1.3
1.3
1.34
1.31
1.29
1.33
1.36
1.3
1.33
1.33
1.33
1.31
1.31
1.33
1.31
1.34
1.3
1.31
1.34
1.32
1.32
1.33
1.32
1.3
1.32
1.31
1.34
1.3
1.28
1.32
1.35
1.32
1.33
1.29
1.31
1.3
1.31
1.31
1.3
1.31
1.33
1.3
1.3
1.31
1.28
1.33
1.3
1.32
1.31
1.3
1.34
1.32
1.31
1.31
1.28
1.29
1.3
1.3
1.3
1.33
1.31
1.28
1.33
1.32
1.33
1.32
1.32
1.32
1.3
1.28
1.28
1.34
1.3
1.31
1.31
1.29
1.29
1.3
1.33
1.31
1.33
1.31
1.31
1.34
1.3
1.31
1.34
1.34
1.31
1.34
1.33
1.33
1.34
1.34
1.3
1.34
1.33
1.3
1.33
1.32
1.31
1.34
1.32
1.32
1.3
1.29
1.3
1.36
1.3
1.28
1.34
1.35
1.32
1.34
1.33
1.33
1.32
1.32
1.32
1.31
1.36
1.3
1.31
1.33
1.32
1.31
1.34
1.31
1.3
1.31
1.33
1.33
1.31
1.29
1.33
1.34
1.31
1.34
1.29
1.33
1.3
1.3
1.32
1.3
1.32
1.33
1.32
1.32
1.32
1.31
1.35
1.32
1.34
1.31
1.32
1.36
1.32
1.3
1.31
1.32
1.31
1.31
1.32
1.32
1.34
1.31
1.3
1.33
1.34
1.35
1.35
1.33
1.33
1.33
1.3
1.3
1.35
1.31
1.31
1.33
1.3
1.29
1.31
1.35
1.31
1.33
1.31
1.31
1.36
1.31
1.32
1.35
1.32
1.3
1.35
1.32
1.35
1.35
1.33
1.31
1.34
1.33
1.28
1.32
1.31
1.31
1.36
1.31
1.33
1.3
1.3
1.31
1.36
1.3
1.29
1.34
1.35
1.3
1.35
1.32
1.31
1.33
1.31
1.32
1.32
1.33
1.3
1.31
1.32
1.31
1.33
1.32
1.3
1.3
1.3
1.32
1.34
1.31
1.28
1.32
1.34
1.31
1.33
1.29
1.32
1.31
1.3
1.31
1.32
1.32
1.33
1.31
1.31
1.32
1.29
1.34
1.31
1.33
1.34
1.31
1.33
1.33
1.31
1.3
1.29
1.29
1.3
1.31
1.3
1.33
1.3
1.29
1.33
1.31
1.34
1.33
1.32
1.32
1.31
1.28
1.29
1.34
1.31
1.29
1.31
1.3
1.29
1.31
1.34
1.31
1.33
1.32
1.3
1.34
1.3
1.31
1.35
1.31
1.3
1.33
1.3
1.33
1.33
1.32
1.31
1.34
1.34
1.31
1.32
1.3
1.3
1.36
1.32
1.33
1.3
1.29
1.3
1.34
1.3
1.28
1.33
1.36
1.3
1.33
1.3
1.33
1.33
1.32
1.34
1.31
1.33
1.29
1.28
1.34
1.31
1.34
1.32
1.32
1.29
1.32
1.32
1.34
1.29
1.29
1.33
1.35
1.31
1.33
1.31
1.31
1.31
1.31
1.32
1.29
1.32
1.32
1.31
1.3
1.31
1.3
1.33
1.32
1.32
1.32
1.31
1.33
1.3
1.32
1.32
1.29
1.29
1.32
1.3
1.3
1.33
1.31
1.3
1.34
1.31
1.33
1.35
1.33
1.33
1.3
1.28
1.28
1.35
1.31
1.32
1.32
1.31
1.28
1.31
1.33
1.32
1.33
1.31
1.32
1.35
1.31
1.32
1.34
1.31
1.3
1.34
1.32
1.32
1.35
1.31
1.31
1.33
1.33
1.31
1.31
1.3
1.3
1.34
1.31
1.31
1.31
1.31
1.31
1.35
1.3
1.28
1.33
1.34
1.31
1.32
1.32
1.33
1.33
1.32
1.34
1.32
1.35
1.31
1.32
1.34
1.31
1.32
1.34
1.3
1.3
1.31
1.31
1.34
1.31
1.28
1.34
1.32
1.3
1.33
1.29
1.31
1.3
1.31
1.31
1.28
1.3
1.33
1.32
1.3
1.31
1.3
1.33
1.31
1.33
1.3
1.31
1.33
1.32
1.31
1.3
1.3
1.3
1.31
1.3
1.28
1.32
1.3
1.29
1.31
1.3
1.34
1.33
1.32
1.32
1.3
1.28
1.29
1.34
1.3
1.31
1.31
1.29
1.29
1.3
1.32
1.31
1.32
1.31
1.32
1.34
1.3
1.31
1.35
1.31
1.29
1.32
1.32
1.32
1.33
1.33
1.29
1.33
1.32
1.33
1.31
1.31
1.31
1.34
1.29
1.32
1.3
1.3
1.3
1.35
1.3
1.28
1.34
1.34
1.31
1.34
1.3
1.32
1.31
1.31
1.32
1.3
1.32
1.29
1.3
1.33
1.31
1.31
1.32
1.3
1.3
1.33
1.32
1.34
1.32
1.28
1.33
1.33
1.31
1.32
1.28
1.32
1.3
1.32
1.34
1.3
1.3
1.31
1.3
1.3
1.32
1.29
1.34
1.31
1.32
1.31
1.31
1.32
1.33
1.3
1.31
1.3
1.3
1.32
1.3
1.31
1.33
1.31
1.3
1.33
1.31
1.35
1.33
1.32
1.31
1.3
1.29
1.29
1.32
1.3
1.28
1.3
1.29
1.29
1.29
1.32
1.31
1.32
1.31
1.31
1.34
1.32
1.32
1.32
1.3
1.32
1.3
1.32
1.32
1.33
1.31
1.31
1.31
1.32
1.32
1.31
1.29
1.31
1.34
1.31
1.33
1.3
1.3
1.31
1.33
1.3
1.28
1.33
1.34
1.3
1.31
1.3
1.31
1.31
1.3
1.31
1.3
1.33
1.28
1.3
1.31
1.31
1.3
1.33
1.31
1.29
1.31
1.31
1.35
1.32
1.27
1.34
1.33
1.3
1.35
1.29
1.3
1.3
1.31
1.3
1.3
1.31
1.31
1.29
1.3
1.32
1.29
1.35
1.31
1.31
1.31
1.31
1.31
1.31
1.28
1.31
1.28
1.29
1.32
1.29
1.29
1.32
1.3
1.29
1.33
1.29
1.33
1.32
1.32
1.31
1.3
1.28
1.27
1.32
1.3
1.31
1.31
1.29
1.27
1.29
1.33
1.32
1.31
1.3
1.32
1.36
1.3
1.31
1.33
1.31
1.3
1.33
1.31
1.32
1.33
1.31
1.3
1.32
1.32
1.31
1.32
1.29
1.29
1.33
1.31
1.32
1.29
1.3
1.31
1.34
1.3
1.29
1.32
1.34
1.31
1.31
1.29
1.31
1.33
1.31
1.31
1.31
1.33
1.29
1.29
1.32
1.31
1.31
1.33
1.31
1.3
1.31
1.33
1.34
1.31
1.29
1.33
1.32
1.3
1.32
1.29
1.3
1.31
1.31
1.31
1.29
1.31
1.32
1.3
1.28
1.32
1.3
1.36
1.3
1.32
1.32
1.32
1.33
1.33
1.3
1.32
1.3
1.28
1.31
1.32
1.3
1.32
1.31
1.28
1.33
1.31
1.32
1.33
1.33
1.31
1.3
1.28
1.28
1.31
1.3
1.32
1.32
1.29
1.28
1.31
1.32
1.31
1.32
1.31
1.31
1.34
1.31
1.33
1.34
1.3
1.3
1.32
1.32
1.32
1.32
1.31
1.29
1.32
1.33
1.32
1.31
1.29
1.31
1.35
1.3
1.32
1.28
1.3
1.28
1.36
1.32
1.28
1.33
1.34
1.31
1.33
1.32
1.32
1.32
1.31
1.32
1.31
1.32
1.28
1.3
1.32
1.3
1.31
1.32
1.31
1.28
1.32
1.32
1.33
1.32
1.27
1.33
1.32
1.32
1.32
1.29
1.32
1.31
1.31
1.32
1.29
1.3
1.33
1.3
1.3
1.3
1.29
1.34
1.3
1.33
1.3
1.3
1.34
1.32
1.3
1.31
1.28
1.29
1.31
1.3
1.29
1.33
1.31
1.28
1.31
1.31
1.33
1.32
1.31
1.32
1.31
1.28
1.28
1.33
1.31
1.3
1.31
1.29
1.29
1.3
1.33
1.31
1.32
1.3
1.31
1.36
1.31
1.31
1.35
1.32
1.29
1.33
1.31
1.32
1.33
1.32
1.3
1.32
1.32
1.3
1.31
1.3
1.29
1.33
1.3
1.31
1.3
1.3
1.3
1.35
1.29
1.28
1.33
1.35
1.31
1.33
1.3
1.33
1.33
1.31
1.32
1.3
1.34
1.3
1.29
1.32
1.31
1.31
1.31
1.31
1.29
1.32
1.33
1.35
1.3
1.26
1.34
1.34
1.32
1.34
1.29
1.32
1.29
1.31
1.33
1.29
1.32
1.33
1.31
1.3
1.3
1.3
1.34
1.31
1.32
1.31
1.3
1.32
1.31
1.3
1.3
1.31
1.27
1.31
1.29
1.28
1.31
1.31
1.29
1.32
1.32
1.33
1.33
1.32
1.3
1.3
1.29
1.27
1.34
1.31
1.3
1.31
1.29
1.3
1.3
1.33
1.3
1.31
1.3
1.31
1.34
1.31
1.31
1.32
1.3
1.29
1.33
1.32
1.31
1.32
1.31
1.3
1.31
1.32
1.31
1.31
1.3
1.31
1.34
1.3
1.32
1.29
1.31
1.3
1.33
1.31
1.28
1.32
1.34
1.3
1.31
1.31
1.32
1.32
1.32
1.32
1.3
1.34
1.29
1.29
1.32
1.32
1.3
1.33
1.31
1.28
1.31
1.31
1.35
1.31
1.28
1.33
1.33
1.31
1.34
1.29
1.31
1.29
1.3
1.31
1.3
1.3
1.33
1.29
1.28
1.31
1.28
1.33
1.31
1.32
1.31
1.31
1.33
1.3
1.29
1.3
1.29
1.28
1.31
1.3
1.32
1.32
1.3
1.3
1.33
1.31
1.35
1.32
1.3
1.31
1.29
1.27
1.28
1.32
1.31
1.3
1.31
1.29
1.28
1.29
1.32
1.31
1.31
1.3
1.29
1.34
1.31
1.32
1.32
1.32
1.29
1.32
1.33
1.31
1.34
1.32
1.3
1.32
1.31
1.31
1.31
1.28
1.31
1.34
1.3
1.32
1.28
1.3
1.3
1.34
1.3
1.28
1.34
1.35
1.3
1.31
1.31
1.31
1.3
1.31
1.32
1.3
1.32
1.3
1.3
1.32
1.32
1.3
1.32
1.31
1.29
1.3
1.32
1.34
1.32
1.28
1.33
1.31
1.3
1.35
1.29
1.3
1.3
1.3
1.32
1.29
1.3
1.33
1.3
1.31
1.31
1.29
1.33
1.32
1.31
1.32
1.29
1.31
1.3
1.29
1.31
1.29
1.28
1.31
1.3
1.29
1.32
1.3
1.29
1.31
1.31
1.33
1.31
1.31
1.31
1.3
1.28
1.27
1.32
1.31
1.31
1.31
1.29
1.27
1.28
1.34
1.31
1.31
1.29
1.31
1.34
1.3
1.3
1.33
1.31
1.31
1.31
1.32
1.31
1.33
1.31
1.3
1.32
1.31
1.29
1.31
1.29
1.3
1.33
1.31
1.31
1.29
1.3
1.3
1.34
1.29
1.28
1.32
1.34
1.3
1.31
1.31
1.33
1.31
1.3
1.32
1.3
1.33
1.29
1.28
1.3
1.32
1.31
1.32
1.31
1.27
1.3
1.32
1.33
1.31
1.28
1.33
1.33
1.32
1.32
1.28
1.32
1.3
1.3
1.31
1.29
1.3
1.32
1.31
1.28
1.3
1.3
1.3
1.32
1.32
1.33
1.29
1.33
1.32
1.3
1.31
1.29
1.28
1.29
1.3
1.3
1.33
1.29
1.29
1.32
1.32
1.34
1.32
1.32
1.31
1.31
1.28
1.28
1.32
1.31
1.29
1.31
1.3
1.28
1.29
1.33
1.31
1.32
1.3
1.31
1.33
1.31
1.31
1.33
1.32
1.29
1.31
1.32
1.34
1.33
1.33
1.3
1.31
1.33
1.31
1.28
1.3
1.31
1.33
1.31
1.32
1.28
1.3
1.3
1.34
1.31
1.28
1.34
1.35
1.3
1.32
1.3
1.33
1.31
1.32
1.33
1.3
1.34
1.29
1.3
1.31
1.31
1.29
1.33
1.31
1.29
1.3
1.32
1.34
1.31
1.28
1.34
1.32
1.32
1.33
1.3
1.31
1.31
1.31
1.32
1.29
1.3
1.32
1.31
1.29
1.31
1.29
1.33
1.31
1.31
1.33
1.3
1.32
1.32
1.29
1.31
1.31
1.28
1.32
1.29
1.29
1.32
1.3
1.3
1.34
1.32
1.34
1.33
1.33
1.33
1.3
1.3
1.27
1.33
1.3
1.3
1.32
1.28
1.28
1.31
1.33
1.32
1.32
1.32
1.32
1.35
1.3
1.33
1.34
1.31
1.3
1.33
1.33
1.33
1.34
1.3
1.29
1.33
1.33
1.32
1.3
1.31
1.31
1.34
1.3
1.32
1.31
1.3
1.3
1.35
1.29
1.28
1.34
1.35
1.31
1.33
1.3
1.32
1.32
1.31
1.32
1.31
1.33
1.29
1.3
1.32
1.32
1.31
1.32
1.3
1.28
1.3
1.32
1.33
1.3
1.28
1.33
1.33
1.31
1.32
1.3
1.3
1.3
1.3
1.31
1.29
1.3
1.32
1.3
1.29
1.3
1.29
1.34
1.3
1.32
1.32
1.31
1.32
1.31
1.3
1.31
1.29
1.27
1.32
1.29
1.29
1.32
1.3
1.29
1.33
1.3
1.34
1.33
1.33
1.32
1.29
1.28
1.28
1.32
1.3
1.31
1.32
1.28
1.29
1.29
1.33
1.31
1.31
1.3
1.31
1.35
1.32
1.31
1.33
1.3
1.29
1.32
1.32
1.31
1.32
1.32
1.29
1.3
1.33
1.32
1.31
1.29
1.3
1.32
1.3
1.33
1.29
1.3
1.3
1.34
1.31
1.29
1.32
1.34
1.29
1.32
1.29
1.32
1.31
1.31
1.32
1.31
1.32
1.29
1.3
1.3
1.3
1.31
1.32
1.3
1.29
1.3
1.33
1.33
1.31
1.27
1.33
1.33
1.3
1.31
1.28
1.3
1.3
1.32
1.31
1.3
1.3
1.31
1.3
1.3
1.3
1.28
1.33
1.31
1.33
1.31
1.32
1.31
1.32
1.29
1.31
1.29
1.28
1.3
1.3
1.29
1.33
1.3
1.28
1.31
1.3
1.35
1.32
1.31
1.31
1.3
1.28
1.27
1.32
1.3
1.29
1.31
1.28
1.28
1.3
1.31
1.31
1.31
1.31
1.29
1.33
1.3
1.31
1.32
1.3
1.28
1.31
1.32
1.3
1.34
1.32
1.3
1.31
1.31
1.32
1.32
1.3
1.31
1.34
1.31
1.34
1.29
1.32
1.3
1.35
1.3
1.28
1.32
1.33
1.29
1.31
1.31
1.31
1.32
1.31
1.31
1.3
1.32
1.29
1.29
1.33
1.3
1.3
1.32
1.31
1.29
1.28
1.31
1.33
1.29
1.28
1.32
1.32
1.31
1.32
1.29
1.32
1.3
1.3
1.31
1.29
1.3
1.31
1.29
1.29
1.31
1.3
1.33
1.29
1.33
1.32
1.3
1.32
1.31
1.29
1.3
1.29
1.28
1.31
1.3
1.29
1.31
1.3
1.29
1.32
1.3
1.34
1.34
1.33
1.3
1.3
1.28
1.27
1.33
1.31
1.29
1.32
1.3
1.28
1.29
1.33
1.32
1.32
1.31
1.3
1.33
1.31
1.32
1.32
1.3
1.3
1.3
1.31
1.32
1.33
1.31
1.29
1.31
1.34
1.3
1.31
1.28
1.31
1.33
1.3
1.34
1.28
1.31
1.3
1.34
1.3
1.28
1.32
1.33
1.3
1.31
1.29
1.3
1.33
1.31
1.31
1.3
1.32
1.28
1.28
1.32
1.3
1.3
1.31
1.3
1.29
1.3
1.32
1.33
1.3
1.27
1.33
1.32
1.31
1.33
1.29
1.31
1.29
1.31
1.31
1.3
1.3
1.32
1.3
1.3
1.31
1.29
1.32
1.3
1.31
1.32
1.3
1.31
1.31
1.3
1.31
1.29
1.28
1.31
1.31
1.3
1.32
1.3
1.3
1.3
1.31
1.34
1.32
1.32
1.31
1.3
1.29
1.29
1.32
1.29
1.29
1.32
1.29
1.26
1.3
1.33
1.32
1.31
1.31
1.3
1.33
1.31
1.31
1.31
1.31
1.3
1.31
1.32
1.31
1.31
1.3
1.28
1.31
1.32
1.31
1.3
1.3
1.29
1.33
1.31
1.34
1.28
1.31
1.29
1.34
1.31
1.28
1.32
1.32
1.31
1.3
1.29
1.31
1.31
1.3
1.31
1.31
1.32
1.28
1.28
1.32
1.31
1.29
1.31
1.3
1.28
1.3
1.32
1.34
1.33
1.28
1.33
1.31
1.31
1.32
1.29
1.32
1.3
1.31
1.3
1.31
1.3
1.32
1.3
1.29
1.3
1.3
1.33
1.31
1.32
1.32
1.3
1.32
1.31
1.31
1.3
1.29
1.29
1.29
1.3
1.31
1.32
1.3
1.29
1.31
1.31
1.34
1.32
1.33
1.31
1.3
1.27
1.27
1.32
1.3
1.3
1.31
1.29
1.28
1.29
1.32
1.3
1.31
1.3
1.31
1.33
1.31
1.31
1.33
1.3
1.3
1.3
1.3
1.32
1.32
1.33
1.29
1.31
1.31
1.3
1.3
1.29
1.31
1.32
1.3
1.33
1.3
1.31
1.31
1.35
1.32
1.29
1.33
1.34
1.3
1.32
1.31
1.32
1.3
1.29
1.31
1.3
1.29
1.29
1.29
1.32
1.31
1.31
1.32
1.31
1.28
1.3
1.32
1.33
1.31
1.28
1.32
1.31
1.31
1.33
1.29
1.31
1.29
1.3
1.32
1.29
1.31
1.33
1.31
1.28
1.29
1.3
1.33
1.29
1.31
1.31
1.3
1.33
1.31
1.3
1.3
1.3
1.3
1.31
1.29
1.3
1.32
1.3
1.29
1.32
1.3
1.34
1.32
1.31
1.3
1.29
1.3
1.28
1.33
1.3
1.32
1.31
1.3
1.28
1.29
1.32
1.31
1.3
1.31
1.3
1.35
1.3
1.3
1.33
1.31
1.3
1.33
1.33
1.31
1.34
1.33
1.28
1.33
1.32
1.3
1.32
1.3
1.31
1.34
1.3
1.32
1.29
1.31
1.3
1.34
1.31
1.29
1.33
1.34
1.3
1.32
1.32
1.33
1.3
1.31
1.32
1.3
1.33
1.28
1.3
1.32
1.31
1.31
1.32
1.3
1.29
1.31
1.32
1.33
1.3
1.3
1.32
1.33
1.3
1.34
1.3
1.32
1.3
1.29
1.32
1.29
1.32
1.32
1.3
1.29
1.31
1.31
1.34
1.31
1.29
1.32
1.29
1.31
1.3
1.3
1.31
1.3
1.3
1.3
1.3
1.29
1.34
1.31
1.29
1.32
1.3
1.34
1.33
1.32
1.3
1.32
1.28
1.28
1.32
1.31
1.3
1.32
1.3
1.29
1.3
1.33
1.31
1.31
1.32
1.31
1.35
1.31
1.31
1.32
1.3
1.31
1.31
1.32
1.32
1.33
1.33
1.31
1.32
1.33
1.31
1.31
1.29
1.31
1.34
1.3
1.32
1.3
1.31
1.3
1.34
1.32
1.27
1.31
1.33
1.31
1.33
1.3
1.33
1.33
1.32
1.3
1.3
1.32
1.29
1.3
1.33
1.31
1.31
1.32
1.32
1.3
1.31
1.34
1.32
1.32
1.29
1.33
1.32
1.31
1.33
1.29
1.31
1.3
1.3
1.31
1.29
1.3
1.32
1.31
1.3
1.3
1.29
1.32
1.29
1.32
1.32
1.29
1.31
1.31
1.29
1.3
1.3
1.28
1.3
1.28
1.29
1.31
1.31
1.29
1.32
1.3
1.34
1.32
1.33
1.3
1.31
1.28
1.28
1.32
1.31
1.29
1.33
1.29
1.28
1.3
1.34
1.31
1.33
1.31
1.3
1.34
1.3
1.32
1.32
1.31
1.3
1.3
1.31
1.31
1.33
1.32
1.3
1.32
1.32
1.3
1.31
1.29
1.31
1.33
1.3
1.32
1.29
1.3
1.29
1.34
1.3
1.28
1.32
1.34
1.3
1.31
1.3
1.32
1.32
1.32
1.31
1.3
1.32
1.29
1.3
1.32
1.32
1.31
1.33
1.29
1.28
1.31
1.31
1.34
1.31
1.28
1.32
1.33
1.31
1.32
1.29
1.31
1.28
1.31
1.3
1.31
1.3
1.32
1.31
1.29
1.3
1.29
1.32
1.32
1.32
1.32
1.31
1.33
1.32
1.3
1.31
1.29
1.28
1.32
1.31
1.29
1.32
1.31
1.3
1.33
1.31
1.34
1.32
1.35
1.33
1.3
1.28
1.28
1.32
1.31
1.29
1.32
1.3
1.27
1.3
1.34
1.31
1.31
1.3
1.3
1.34
1.32
1.32
1.32
1.31
1.31
1.31
1.32
1.32
1.32
1.3
1.29
1.32
1.33
1.32
1.32
1.29
1.31
1.33
1.3
1.32
1.3
1.31
1.29
1.36
1.33
1.29
1.32
1.33
1.3
1.3
1.3
1.32
1.32
1.31
1.31
1.31
1.32
1.28
1.3
1.32
1.32
1.29
1.34
1.31
1.28
1.3
1.33
1.34
1.32
1.26
1.35
1.33
1.31
1.34
1.31
1.32
1.31
1.31
1.32
1.3
1.3
1.33
1.32
1.29
1.31
1.31
1.33
1.31
1.31
1.31
1.31
1.33
1.34
1.3
1.31
1.3
1.29
1.31
1.31
1.29
1.33
1.32
1.29
1.32
1.3
1.34
1.31
1.33
1.31
1.31
1.28
1.29
1.32
1.3
1.29
1.33
1.3
1.31
1.3
1.32
1.31
1.3
1.31
1.31
1.34
1.33
1.31
1.31
1.3
1.31
1.3
1.32
1.32
1.33
1.33
1.31
1.31
1.32
1.31
1.31
1.3
1.33
1.32
1.31
1.33
1.28
1.3
1.3
1.36
1.3
1.28
1.31
1.33
1.3
1.31
1.29
1.32
1.3
1.33
1.31
1.3
1.32
1.3
1.3
1.33
1.31
1.31
1.3
1.31
1.29
1.31
1.33
1.33
1.31
1.27
1.33
1.31
1.3
1.34
1.29
1.31
1.29
1.31
1.3
1.3
1.31
1.32
1.3
1.29
1.3
1.29
1.34
1.3
1.32
1.31
1.3
1.31
1.31
1.3
1.3
1.29
1.28
1.31
1.29
1.29
1.32
1.31
1.3
1.3
1.31
1.33
1.32
1.33
1.31
1.3
1.28
1.27
1.33
1.31
1.3
1.33
1.29
1.28
1.31
1.32
1.32
1.32
1.32
1.31
1.33
1.31
1.3
1.33
1.3
1.27
1.31
1.33
1.31
1.32
1.32
1.3
1.31
1.32
1.3
1.3
1.29
1.3
1.32
1.3
1.33
1.29
1.31
1.29
1.34
1.3
1.28
1.33
1.33
1.28
1.31
1.32
1.31
1.3
1.3
1.31
1.29
1.31
1.28
1.3
1.31
1.31
1.3
1.3
1.3
1.28
1.3
1.32
1.34
1.3
1.27
1.33
1.32
1.3
1.33
1.29
1.31
1.29
1.31
1.3
1.29
1.3
1.31
1.31
1.29
1.3
1.29
1.32
1.31
1.32
1.31
1.3
1.32
1.31
1.28
1.3
1.3
1.29
1.31
1.29
1.28
1.31
1.3
1.29
1.32
1.31
1.33
1.33
1.32
1.3
1.29
1.27
1.27
1.32
1.31
1.31
1.32
1.3
1.27
1.29
1.34
1.32
1.31
1.31
1.31
1.34
1.3
1.31
1.32
1.3
1.29
1.32
1.32
1.32
1.33
1.32
1.3
1.33
1.32
1.3
1.32
1.29
1.3
1.34
1.3
1.33
1.29
1.3
1.3
1.35
1.3
1.29
1.33
1.35
1.32
1.31
1.3
1.35
1.32
1.3
1.31
1.31
1.31
1.31
1.29
1.32
1.31
1.31
1.3
1.3
1.29
1.29
1.32
1.34
1.31
1.27
1.33
1.33
1.3
1.33
1.28
1.32
1.31
1.3
1.33
1.29
1.3
1.33
1.31
1.29
1.3
1.28
1.32
1.32
1.31
1.33
1.31
1.35
1.32
1.29
1.31
1.29
1.29
1.3
1.29
1.29
1.32
1.3
1.29
1.32
1.31
1.34
1.32
1.33
1.31
1.3
1.28
1.28
1.32
1.31
1.3
1.31
1.29
1.28
1.29
1.33
1.32
1.3
1.32
1.3
1.34
1.3
1.32
1.31
1.31
1.3
1.31
1.34
1.32
1.36
1.32
1.28
1.32
1.33
1.31
1.31
1.29
1.31
1.33
1.31
1.34
1.3
1.31
1.29
1.34
1.3
1.27
1.33
1.34
1.3
1.32
1.3
1.33
1.31
1.31
1.32
1.3
1.32
1.28
1.29
1.32
1.31
1.3
1.31
1.31
1.27
1.31
1.33
1.34
1.31
1.28
1.32
1.33
1.31
1.33
1.28
1.33
1.3
1.31
1.32
1.3
1.31
1.33
1.3
1.3
1.3
1.29
1.33
1.31
1.31
1.31
1.32
1.33
1.32
1.3
1.31
1.31
1.28
1.32
1.31
1.31
1.33
1.3
1.3
1.33
1.31
1.34
1.32
1.31
1.32
1.29
1.28
1.28
1.32
1.29
1.31
1.32
1.31
1.29
1.31
1.33
1.31
1.31
1.32
1.31
1.34
1.33
1.32
1.33
1.33
1.3
1.3
1.33
1.33
1.32
1.34
1.3
1.34
1.32
1.32
1.32
1.31
1.32
1.33
1.31
1.33
1.29
1.31
1.3
1.36
1.3
1.27
1.33
1.33
1.29
1.31
1.3
1.32
1.32
1.3
1.33
1.3
1.32
1.28
1.31
1.31
1.3
1.3
1.33
1.3
1.28
1.31
1.32
1.33
1.29
1.28
1.33
1.32
1.3
1.33
1.28
1.32
1.3
1.29
1.3
1.28
1.29
1.33
1.31
1.28
1.32
1.29
1.34
1.3
1.32
1.3
1.3
1.33
1.32
1.31
1.3
1.28
1.28
1.31
1.3
1.28
1.33
1.29
1.29
1.32
1.3
1.33
1.34
1.31
1.31
1.3
1.27
1.29
1.31
1.3
1.32
1.31
1.29
1.29
1.3
1.33
1.3
1.31
1.31
1.31
1.34
1.31
1.31
1.33
1.32
1.28
1.31
1.33
1.32
1.32
1.32
1.31
1.32
1.33
1.3
1.31
1.29
1.31
1.33
1.3
1.33
1.29
1.3
1.32
1.36
1.32
1.29
1.33
1.35
1.3
1.3
1.31
1.31
1.33
1.32
1.32
1.31
1.33
1.3
1.3
1.33
1.32
1.31
1.31
1.31
1.28
1.3
1.33
1.33
1.3
1.27
1.32
1.33
1.3
1.32
1.28
1.31
1.29
1.3
1.32
1.3
1.3
1.32
1.31
1.29
1.32
1.29
1.32
1.29
1.33
1.34
1.31
1.32
1.32
1.3
1.31
1.29
1.29
1.3
1.29
1.3
1.31
1.31
1.31
1.33
1.3
1.34
1.33
1.34
1.31
1.29
1.3
1.28
1.34
1.3
1.3
1.32
1.29
1.28
1.31
1.34
1.31
1.3
1.3
1.32
1.35
1.31
1.31
1.33
1.31
1.28
1.32
1.32
1.32
1.32
1.3
1.31
1.32
1.32
1.3
1.31
1.29
1.3
1.31
1.32
1.34
1.29
1.29
1.31
1.34
1.3
1.28
1.32
1.35
1.31
1.32
1.3
1.31
1.32
1.31
1.33
1.3
1.31
1.28
1.28
1.31
1.3
1.31
1.3
1.29
1.3
1.31
1.34
