5.6
5.07
6.1
5.49
5.56
5.33
5.66
5.72
5.43
5.34
5.24
5.11
5.59
5.19
5.02
5.3
4.99
4.67
4.58
4.47
4.16
4.33
3.96
3.85
3.82
3.68
3.72
3.73
3.79
3.48
3.41
3.22
3.36
3.34
3.26
3.2
3.02
3.08
2.89
2.83
2.64
2.79
2.81
2.68
2.61
2.52
2.56
2.6
2.45
2.34
2.32
2.4
2.33
2.38
2.23
2.2
2.1
2.11
2.25
2.21
2.1
2.04
2.0
2.03
2.11
2.07
2.12
2.03
1.96
1.92
1.94
2.02
2.0
1.91
1.93
1.92
1.84
1.93
2.0
1.82
1.88
1.9
1.9
1.86
1.81
1.82
1.85
1.82
1.85
1.78
1.81
1.79
1.84
1.8
1.79
1.77
1.79
1.78
1.74
1.81
1.7
1.8
1.69
1.84
1.73
1.71
1.75
1.73
1.77
1.84
1.78
1.7
1.73
1.69
1.71
1.73
1.8
1.68
1.78
1.69
1.74
1.78
1.67
1.74
1.68
1.78
1.72
1.69
1.66
1.71
1.59
1.66
1.69
1.81
1.64
1.72
1.72
1.7
1.65
1.7
1.73
1.66
1.69
1.65
1.65
1.68
1.67
1.66
1.73
1.7
1.66
1.69
1.6
1.66
1.59
1.59
1.61
1.67
1.72
1.64
1.65
1.62
1.66
1.72
1.68
1.6
1.69
1.64
1.57
1.67
1.62
1.72
1.67
1.59
1.61
1.58
1.66
1.65
1.61
1.62
1.58
1.64
1.71
1.67
1.64
1.51
1.53
1.6
1.57
1.59
1.55
1.56
1.57
1.62
1.64
1.52
1.54
1.61
1.62
1.57
1.58
1.56
1.55
1.54
1.57
1.54
1.58
1.51
1.59
1.52
1.55
1.58
1.62
1.56
1.61
1.63
1.59
1.61
1.57
1.52
1.55
1.57
1.54
1.54
1.53
1.61
1.55
1.49
1.55
1.49
1.6
1.58
1.55
1.55
1.52
1.48
1.58
1.52
1.6
1.55
1.6
1.6
1.54
1.55
1.54
1.57
1.53
1.55
1.51
1.55
1.58
1.49
1.57
1.56
1.58
1.56
1.58
1.51
1.57
1.49
1.48
1.55
1.58
1.56
1.54
1.57
1.55
1.51
1.56
1.57
1.57
1.57
1.49
1.54
1.51
1.6
1.53
1.5
1.5
1.55
1.56
1.52
1.59
1.49
1.56
1.52
1.48
1.55
1.56
1.5
1.46
1.47
1.53
1.51
1.51
1.48
1.53
1.48
1.5
1.52
1.44
1.49
1.5
1.52
1.48
1.52
1.49
1.49
1.47
1.45
1.41
1.5
1.41
1.54
1.48
1.47
1.45
1.49
1.54
1.54
1.52
1.48
1.53
1.44
1.51
1.48
1.47
1.43
1.41
1.44
1.5
1.47
1.41
1.49
1.43
1.46
1.47
1.46
1.47
1.47
1.43
1.47
1.48
1.49
1.44
1.46
1.47
1.47
1.44
1.44
1.46
1.47
1.46
1.47
1.44
1.48
1.46
1.45
1.48
1.53
1.46
1.5
1.46
1.44
1.4
1.45
1.48
1.49
1.46
1.5
1.45
1.5
1.45
1.44
1.45
1.43
1.5
1.45
1.46
1.44
1.51
1.47
1.5
1.42
1.46
1.47
1.42
1.5
1.45
1.46
1.45
1.47
1.45
1.52
1.44
1.44
1.4
1.45
1.45
1.43
1.44
1.46
1.43
1.47
1.46
1.44
1.42
1.43
1.46
1.41
1.44
1.44
1.44
1.46
1.41
1.35
1.49
1.39
1.48
1.49
1.43
1.43
1.45
1.49
1.46
1.42
1.46
1.45
1.4
1.47
1.38
1.45
1.38
1.37
1.38
1.45
1.45
1.41
1.42
1.38
1.42
1.45
1.39
1.41
1.42
1.37
1.47
1.41
1.42
1.39
1.4
1.42
1.4
1.4
1.4
1.43
1.4
1.4
1.43
1.37
1.41
1.4
1.45
1.42
1.49
1.42
1.46
1.38
1.43
1.37
1.37
1.41
1.48
1.44
1.43
1.41
1.45
1.37
1.41
1.45
1.4
1.44
1.43
1.38
1.39
1.48
1.46
1.42
1.4
1.4
1.43
1.47
1.42
1.38
1.44
1.42
1.4
1.42
1.46
1.41
1.38
1.39
1.43
1.41
1.42
1.4
1.39
1.39
1.41
1.43
1.39
1.4
1.41
1.38
1.38
1.39
1.41
1.39
1.42
1.41
1.32
1.46
1.36
1.44
1.35
1.38
1.36
1.42
1.42
1.4
1.38
1.44
1.43
1.38
1.39
1.38
1.42
1.33
1.4
1.36
1.43
1.41
1.39
1.39
1.38
1.4
1.4
1.44
1.38
1.42
1.35
1.46
1.38
1.41
1.35
1.38
1.45
1.37
1.41
1.4
1.4
1.36
1.4
1.39
1.42
1.42
1.37
1.46
1.42
1.43
1.35
1.44
1.35
1.37
1.39
1.36
1.38
1.45
1.41
1.41
1.39
1.4
1.38
1.38
1.42
1.41
1.44
1.43
1.39
1.37
1.39
1.4
1.42
1.37
1.37
1.38
1.38
1.39
1.38
1.41
1.39
1.4
1.4
1.44
1.37
1.36
1.36
1.39
1.39
1.41
1.36
1.36
1.37
1.37
1.41
1.37
1.36
1.36
1.37
1.35
1.38
1.39
1.4
1.4
1.36
1.34
1.42
1.33
1.43
1.36
1.38
1.35
1.39
1.43
1.41
1.4
1.41
1.42
1.37
1.35
1.39
1.37
1.32
1.36
1.34
1.41
1.43
1.39
1.4
1.37
1.37
1.44
1.41
1.4
1.37
1.34
1.41
1.39
1.37
1.34
1.38
1.39
1.37
1.41
1.39
1.43
1.37
1.35
1.38
1.37
1.41
1.36
1.41
1.37
1.43
1.37
1.4
1.34
1.39
1.34
1.33
1.37
1.44
1.39
1.4
1.38
1.39
1.37
1.39
1.42
1.39
1.42
1.4
1.35
1.35
1.39
1.39
1.4
1.36
1.39
1.39
1.37
1.36
1.36
1.4
1.36
1.39
1.37
1.43
1.38
1.36
1.32
1.39
1.37
1.41
1.35
1.34
1.38
1.34
1.38
1.4
1.34
1.36
1.34
1.36
1.38
1.38
1.37
1.39
1.36
1.32
1.42
1.32
1.41
1.34
1.38
1.36
1.37
1.39
1.4
1.36
1.41
1.38
1.35
1.36
1.39
1.36
1.35
1.35
1.34
1.4
1.38
1.36
1.37
1.35
1.35
1.4
1.38
1.37
1.37
1.34
1.39
1.4
1.38
1.37
1.34
1.38
1.37
1.38
1.37
1.4
1.33
1.34
1.37
1.36
1.38
1.38
1.38
1.4
1.41
1.35
1.43
1.34
1.37
1.34
1.33
1.37
1.42
1.4
1.39
1.35
1.41
1.32
1.36
1.41
1.35
1.38
1.38
1.36
1.32
1.38
1.38
1.41
1.37
1.38
1.4
1.38
1.37
1.34
1.37
1.34
1.4
1.39
1.42
1.35
1.33
1.31
1.41
1.37
1.38
1.34
1.33
1.35
1.34
1.39
1.37
1.32
1.36
1.35
1.33
1.38
1.36
1.35
1.38
1.34
1.34
1.41
1.3
1.41
1.37
1.37
1.34
1.34
1.41
1.39
1.38
1.41
1.37
1.33
1.36
1.35
1.37
1.34
1.33
1.34
1.4
1.39
1.38
1.36
1.36
1.39
1.4
1.38
1.35
1.36
1.31
1.4
1.39
1.37
1.33
1.36
1.39
1.35
1.38
1.36
1.41
1.36
1.34
1.37
1.34
1.34
1.35
1.42
1.39
1.44
1.35
1.41
1.3
1.36
1.35
1.31
1.38
1.43
1.37
1.37
1.37
1.39
1.35
1.35
1.39
1.36
1.42
1.37
1.37
1.35
1.4
1.37
1.41
1.36
1.35
1.37
1.38
1.39
1.35
1.38
1.34
1.35
1.36
1.42
1.35
1.34
1.32
1.37
1.37
1.37
1.33
1.33
1.35
1.34
1.4
1.35
1.32
1.35
1.36
1.36
1.4
1.39
1.36
1.37
1.35
1.31
1.43
1.32
1.4
1.33
1.36
1.35
1.37
1.38
1.4
1.39
1.39
1.38
1.33
1.36
1.35
1.37
1.34
1.33
1.33
1.39
1.37
1.35
1.34
1.32
1.37
1.38
1.35
1.38
1.33
1.32
1.4
1.37
1.37
1.33
1.34
1.35
1.37
1.38
1.36
1.38
1.35
1.34
1.38
1.35
1.36
1.33
1.38
1.37
1.42
1.36
1.41
1.32
1.37
1.34
1.33
1.34
1.43
1.4
1.38
1.36
1.37
1.34
1.37
1.39
1.38
1.39
1.38
1.34
1.31
1.36
1.38
1.38
1.32
1.37
1.34
1.37
1.37
1.37
1.4
1.33
1.39
1.35
1.4
1.32
1.3
1.32
1.37
1.37
1.37
1.36
1.32
1.37
1.33
1.39
1.39
1.34
1.33
1.35
1.35
1.36
1.37
1.37
1.39
1.35
1.31
1.42
1.32
1.4
1.34
1.37
1.31
1.37
1.38
1.4
1.37
1.38
1.38
1.32
1.35
1.35
1.39
1.33
1.34
1.32
1.35
1.37
1.36
1.35
1.34
1.35
1.38
1.38
1.38
1.34
1.32
1.42
1.37
1.35
1.31
1.35
1.36
1.34
1.38
1.35
1.36
1.34
1.33
1.39
1.35
1.35
1.33
1.4
1.36
1.41
1.33
1.41
1.31
1.38
1.32
1.31
1.35
1.42
1.39
1.37
1.34
1.39
1.33
1.36
1.38
1.36
1.4
1.39
1.36
1.33
1.38
1.35
1.37
1.34
1.36
1.36
1.37
1.37
1.36
1.36
1.34
1.39
1.35
1.41
1.34
1.33
1.31
1.38
1.35
1.37
1.34
1.31
1.35
1.32
1.38
1.37
1.32
1.36
1.33
1.34
1.37
1.39
1.35
1.35
1.34
1.29
1.39
1.31
1.39
1.32
1.35
1.33
1.35
1.39
1.38
1.36
1.37
1.39
1.32
1.36
1.36
1.37
1.33
1.33
1.31
1.4
1.36
1.37
1.35
1.33
1.35
1.38
1.36
1.36
1.35
1.33
1.39
1.35
1.35
1.32
1.33
1.37
1.34
1.38
1.38
1.38
1.35
1.33
1.38
1.34
1.35
1.34
1.39
1.36
1.42
1.34
1.41
1.3
1.38
1.35
1.33
1.35
1.43
1.4
1.36
1.35
1.39
1.32
1.35
1.39
1.37
1.4
1.38
1.36
1.32
1.37
1.37
1.4
1.36
1.37
1.36
1.36
1.38
1.34
1.39
1.34
1.37
1.35
1.4
1.34
1.32
1.32
1.39
1.36
1.36
1.34
1.33
1.35
1.35
1.38
1.37
1.32
1.32
1.36
1.34
1.38
1.36
1.36
1.35
1.32
1.3
1.39
1.31
1.39
1.32
1.36
1.34
1.35
1.39
1.38
1.35
1.4
1.37
1.35
1.36
1.35
1.36
1.32
1.34
1.33
1.37
1.36
1.37
1.36
1.35
1.36
1.39
1.35
1.38
1.34
1.32
1.38
1.35
1.34
1.34
1.34
1.36
1.33
1.37
1.37
1.37
1.35
1.33
1.38
1.33
1.35
1.33
1.4
1.38
1.43
1.33
1.4
1.3
1.37
1.32
1.31
1.36
1.44
1.37
1.39
1.36
1.39
1.34
1.36
1.41
1.37
1.4
1.38
1.34
1.32
1.39
1.35
1.38
1.34
1.39
1.37
1.37
1.38
1.34
1.37
1.34
1.38
1.37
1.41
1.36
1.3
1.33
1.4
1.36
1.38
1.35
1.33
1.37
1.33
1.36
1.36
1.31
1.35
1.36
1.35
1.37
1.36
1.37
1.38
1.34
1.29
1.39
1.33
1.38
1.35
1.36
1.34
1.35
1.41
1.39
1.35
1.38
1.39
1.35
1.36
1.37
1.36
1.34
1.34
1.34
1.38
1.38
1.37
1.37
1.34
1.39
1.37
1.39
1.37
1.34
1.33
1.39
1.35
1.35
1.32
1.34
1.34
1.33
1.4
1.38
1.38
1.34
1.34
1.39
1.34
1.36
1.34
1.4
1.39
1.43
1.34
1.4
1.32
1.38
1.33
1.31
1.34
1.43
1.39
1.38
1.35
1.39
1.34
1.35
1.39
1.37
1.4
1.39
1.35
1.31
1.37
1.36
1.4
1.35
1.35
1.36
1.38
1.37
1.35
1.37
1.34
1.39
1.34
1.4
1.32
1.33
1.3
1.39
1.36
1.37
1.34
1.33
1.37
1.33
1.36
1.38
1.31
1.33
1.34
1.35
1.37
1.37
1.36
1.36
1.31
1.29
1.38
1.32
1.38
1.33
1.33
1.33
1.34
1.38
1.38
1.35
1.37
1.37
1.34
1.36
1.35
1.37
1.3
1.32
1.33
1.37
1.37
1.35
1.36
1.33
1.38
1.37
1.37
1.36
1.33
1.31
1.39
1.36
1.37
1.34
1.35
1.34
1.35
1.38
1.38
1.38
1.33
1.32
1.37
1.33
1.34
1.34
1.37
1.36
1.41
1.32
1.39
1.31
1.37
1.34
1.31
1.34
1.41
1.37
1.36
1.34
1.39
1.34
1.36
1.38
1.37
1.4
1.37
1.35
1.33
1.36
1.35
1.39
1.35
1.35
1.36
1.35
1.37
1.32
1.36
1.35
1.37
1.36
1.4
1.36
1.32
1.32
1.38
1.35
1.38
1.35
1.32
1.34
1.34
1.37
1.37
1.31
1.34
1.34
1.35
1.35
1.37
1.35
1.37
1.33
1.29
1.4
1.32
1.35
1.35
1.36
1.33
1.34
1.38
1.38
1.36
1.37
1.37
1.33
1.37
1.34
1.36
1.31
1.34
1.34
1.36
1.36
1.36
1.35
1.33
1.37
1.37
1.35
1.34
1.33
1.31
1.36
1.36
1.35
1.34
1.32
1.35
1.34
1.38
1.38
1.37
1.32
1.32
1.37
1.32
1.34
1.33
1.37
1.36
1.39
1.32
1.39
1.3
1.37
1.31
1.32
1.33
1.41
1.37
1.38
1.32
1.4
1.33
1.36
1.39
1.35
1.41
1.36
1.36
1.3
1.37
1.35
1.38
1.34
1.37
1.37
1.38
1.36
1.35
1.37
1.34
1.37
1.37
1.38
1.32
1.3
1.32
1.39
1.34
1.37
1.33
1.32
1.36
1.32
1.37
1.36
1.3
1.35
1.33
1.36
1.36
1.38
1.36
1.38
1.31
1.31
1.4
1.31
1.38
1.34
1.34
1.35
1.35
1.36
1.37
1.33
1.36
1.37
1.31
1.35
1.35
1.35
1.31
1.35
1.34
1.37
1.33
1.36
1.35
1.34
1.35
1.37
1.36
1.36
1.35
1.32
1.37
1.35
1.36
1.33
1.32
1.38
1.33
1.38
1.36
1.37
1.34
1.32
1.38
1.32
1.32
1.33
1.37
1.36
1.42
1.3
1.38
1.31
1.36
1.33
1.34
1.34
1.41
1.39
1.35
1.33
1.39
1.32
1.33
1.38
1.35
1.4
1.38
1.35
1.32
1.38
1.36
1.37
1.34
1.36
1.33
1.35
1.37
1.34
1.36
1.33
1.37
1.35
1.38
1.34
1.31
1.29
1.39
1.35
1.35
1.33
1.32
1.35
1.35
1.37
1.36
1.31
1.33
1.31
1.33
1.37
1.36
1.36
1.35
1.31
1.3
1.4
1.3
1.39
1.32
1.35
1.33
1.33
1.36
1.37
1.34
1.36
1.36
1.31
1.36
1.34
1.36
1.31
1.33
1.32
1.37
1.35
1.35
1.34
1.34
1.33
1.36
1.34
1.35
1.32
1.3
1.36
1.34
1.33
1.33
1.34
1.35
1.33
1.37
1.36
1.35
1.33
1.3
1.38
1.33
1.36
1.34
1.38
1.35
1.41
1.33
1.38
1.3
1.37
1.34
1.32
1.35
1.41
1.37
1.35
1.34
1.37
1.33
1.36
1.37
1.34
1.39
1.38
1.34
1.3
1.37
1.37
1.38
1.35
1.35
1.36
1.35
1.38
1.34
1.37
1.33
1.36
1.33
1.4
1.33
1.32
1.3
1.39
1.34
1.35
1.33
1.31
1.34
1.33
1.38
1.36
1.33
1.33
1.32
1.34
1.35
1.38
1.36
1.36
1.32
1.31
1.39
1.32
1.38
1.34
1.34
1.34
1.33
1.37
1.38
1.38
1.36
1.36
1.34
1.35
1.35
1.35
1.3
1.35
1.34
1.36
1.35
1.37
1.37
1.33
1.35
1.36
1.35
1.36
1.33
1.3
1.37
1.36
1.34
1.33
1.34
1.36
1.35
1.4
1.37
1.39
1.34
1.33
1.39
1.34
1.34
1.35
1.37
1.38
1.41
1.34
1.39
1.32
1.38
1.33
1.31
1.34
1.42
1.38
1.37
1.36
1.37
1.32
1.35
1.38
1.33
1.39
1.38
1.34
1.33
1.37
1.35
1.37
1.33
1.35
1.35
1.36
1.37
1.35
1.35
1.34
1.37
1.35
1.38
1.33
1.33
1.31
1.38
1.35
1.35
1.33
1.32
1.34
1.34
1.37
1.37
1.3
1.35
1.32
1.34
1.36
1.37
1.34
1.37
1.33
1.32
1.4
1.31
1.38
1.32
1.35
1.34
1.33
1.37
1.36
1.36
1.35
1.37
1.33
1.35
1.33
1.36
1.32
1.31
1.33
1.38
1.36
1.36
1.35
1.33
1.35
1.37
1.37
1.33
1.34
1.3
1.36
1.34
1.35
1.31
1.33
1.36
1.35
1.35
1.37
1.36
1.36
1.29
1.39
1.33
1.34
1.33
1.37
1.37
1.41
1.35
1.39
1.31
1.39
1.34
1.31
1.36
1.42
1.36
1.36
1.32
1.39
1.34
1.35
1.38
1.34
1.38
1.38
1.34
1.34
1.38
1.36
1.39
1.36
1.34
1.36
1.37
1.36
1.33
1.39
1.33
1.37
1.37
1.41
1.32
1.31
1.31
1.41
1.35
1.36
1.31
1.32
1.37
1.34
1.36
1.35
1.31
1.34
1.33
1.34
1.37
1.34
1.33
1.37
1.33
1.29
1.41
1.29
1.37
1.34
1.35
1.32
1.34
1.4
1.38
1.34
1.36
1.37
1.33
1.34
1.34
1.36
1.31
1.33
1.33
1.36
1.34
1.36
1.36
1.33
1.34
1.37
1.36
1.34
1.35
1.3
1.38
1.33
1.34
1.3
1.34
1.36
1.35
1.37
1.35
1.36
1.32
1.32
1.38
1.32
1.34
1.31
1.37
1.36
1.43
1.34
1.4
1.3
1.35
1.32
1.3
1.34
1.42
1.38
1.37
1.32
1.38
1.32
1.34
1.38
1.35
1.4
1.37
1.35
1.33
1.38
1.35
1.39
1.32
1.35
1.33
1.37
1.37
1.34
1.36
1.33
1.37
1.36
1.4
1.35
1.31
1.31
1.39
1.37
1.36
1.33
1.31
1.35
1.33
1.35
1.36
1.31
1.32
1.34
1.35
1.34
1.38
1.34
1.37
1.33
1.28
1.39
1.31
1.38
1.34
1.35
1.33
1.34
1.37
1.37
1.36
1.36
1.35
1.32
1.36
1.33
1.35
1.31
1.32
1.32
1.36
1.35
1.35
1.36
1.34
1.36
1.36
1.36
1.34
1.32
1.31
1.37
1.35
1.33
1.31
1.31
1.35
1.34
1.37
1.35
1.36
1.34
1.33
1.37
1.34
1.37
1.34
1.39
1.38
1.41
1.34
1.41
1.31
1.38
1.34
1.3
1.34
1.41
1.37
1.37
1.33
1.4
1.32
1.35
1.37
1.34
1.38
1.37
1.34
1.33
1.35
1.35
1.38
1.32
1.35
1.33
1.36
1.35
1.31
1.35
1.33
1.36
1.34
1.39
1.31
1.31
1.31
1.38
1.33
1.35
1.32
1.32
1.34
1.33
1.36
1.37
1.31
1.34
1.31
1.34
1.36
1.35
1.36
1.37
1.33
1.31
1.4
1.33
1.36
1.32
1.35
1.33
1.35
1.37
1.36
1.35
1.35
1.36
1.31
1.34
1.35
1.35
1.32
1.32
1.33
1.38
1.37
1.35
1.34
1.35
1.35
1.36
1.37
1.34
1.34
1.33
1.39
1.35
1.32
1.33
1.31
1.36
1.33
1.38
1.37
1.34
1.34
1.3
1.38
1.32
1.34
1.32
1.38
1.35
1.39
1.33
1.39
1.29
1.36
1.32
1.32
1.33
1.41
1.37
1.37
1.34
1.4
1.32
1.33
1.36
1.35
1.37
1.39
1.36
1.31
1.36
1.33
1.36
1.32
1.37
1.36
1.35
1.36
1.34
1.36
1.34
1.38
1.35
1.38
1.31
1.31
1.3
1.37
1.34
1.34
1.33
1.31
1.36
1.32
1.35
1.35
1.31
1.34
1.32
1.34
1.36
1.36
1.35
1.37
1.31
1.3
1.39
1.33
1.36
1.33
1.36
1.32
1.33
1.38
1.36
1.32
1.36
1.34
1.31
1.35
1.35
1.34
1.32
1.34
1.31
1.35
1.36
1.35
1.34
1.33
1.35
1.36
1.37
1.35
1.32
1.3
1.37
1.35
1.33
1.33
1.34
1.36
1.33
1.38
1.35
1.35
1.33
1.33
1.35
1.32
1.35
1.33
1.38
1.36
1.39
1.32
1.4
1.31
1.37
1.32
1.31
1.33
1.41
1.37
1.36
1.32
1.39
1.33
1.34
1.37
1.35
1.39
1.36
1.35
1.32
1.38
1.32
1.37
1.34
1.37
1.35
1.36
1.34
1.32
1.37
1.32
1.37
1.36
1.38
1.32
1.33
1.3
1.36
1.33
1.34
1.34
1.3
1.35
1.33
1.36
1.35
1.31
1.33
1.34
1.34
1.37
1.35
1.37
1.37
1.32
1.3
1.39
1.33
1.37
1.33
1.35
1.33
1.34
1.39
1.35
1.34
1.37
1.36
1.32
1.35
1.35
1.36
1.32
1.32
1.32
1.36
1.32
1.36
1.35
1.36
1.33
1.36
1.34
1.34
1.33
1.3
1.37
1.36
1.35
1.32
1.34
1.36
1.31
1.35
1.35
1.35
1.33
1.32
1.36
1.32
1.33
1.33
1.38
1.34
1.39
1.34
1.38
1.3
1.37
1.33
1.31
1.34
1.42
1.36
1.36
1.34
1.38
1.32
1.34
1.36
1.34
1.37
1.38
1.32
1.32
1.36
1.33
1.38
1.35
1.37
1.36
1.37
1.35
1.33
1.37
1.33
1.37
1.35
1.37
1.35
1.31
1.32
1.38
1.33
1.36
1.32
1.31
1.36
1.34
1.35
1.35
1.29
1.34
1.34
1.33
1.36
1.37
1.36
1.39
1.32
1.32
1.4
1.33
1.37
1.33
1.37
1.34
1.31
1.4
1.37
1.34
1.38
1.36
1.34
1.34
1.36
1.36
1.33
1.34
1.31
1.36
1.36
1.37
1.35
1.34
1.35
1.38
1.36
1.35
1.34
1.32
1.38
1.34
1.35
1.31
1.34
1.38
1.33
1.35
1.37
1.35
1.34
1.3
1.37
1.31
1.35
1.33
1.37
1.36
1.4
1.33
1.38
1.3
1.38
1.33
1.32
1.35
1.42
1.38
1.38
1.34
1.38
1.32
1.35
1.38
1.35
1.39
1.38
1.34
1.32
1.37
1.35
1.37
1.31
1.36
1.34
1.35
1.35
1.31
1.36
1.35
1.37
1.33
1.36
1.33
1.32
1.3
1.39
1.33
1.36
1.32
1.29
1.36
1.34
1.37
1.37
1.3
1.34
1.33
1.33
1.36
1.35
1.35
1.38
1.32
1.3
1.4
1.32
1.37
1.31
1.36
1.31
1.33
1.38
1.36
1.33
1.36
1.35
1.31
1.35
1.34
1.33
1.32
1.33
1.34
1.36
1.36
1.36
1.36
1.33
1.34
1.36
1.37
1.36
1.34
1.32
1.36
1.33
1.33
1.32
1.32
1.37
1.32
1.37
1.35
1.35
1.34
1.31
1.36
1.31
1.34
1.34
1.38
1.37
1.4
1.32
1.39
1.3
1.37
1.32
1.31
1.34
1.4
1.36
1.37
1.33
1.38
1.32
1.33
1.37
1.35
1.37
1.38
1.36
1.32
1.37
1.36
1.38
1.34
1.36
1.34
1.36
1.37
1.33
1.37
1.33
1.37
1.34
1.37
1.33
1.33
1.3
1.38
1.35
1.33
1.31
1.31
1.34
1.32
1.36
1.36
1.32
1.36
1.33
1.35
1.37
1.35
1.34
1.36
1.32
1.29
1.39
1.32
1.39
1.34
1.35
1.3
1.33
1.36
1.35
1.33
1.35
1.35
1.31
1.34
1.35
1.36
1.3
1.34
1.32
1.38
1.34
1.37
1.34
1.34
1.34
1.35
1.35
1.33
1.33
1.31
1.38
1.34
1.33
1.32
1.34
1.35
1.32
1.36
1.35
1.34
1.34
1.33
1.34
1.32
1.34
1.32
1.36
1.35
1.4
1.33
1.38
1.31
1.36
1.33
1.32
1.35
1.4
1.37
1.34
1.33
1.35
1.34
1.34
1.37
1.35
1.38
1.37
1.32
1.31
1.37
1.36
1.37
1.33
1.35
1.35
1.35
1.35
1.33
1.36
1.34
1.37
1.34
1.38
1.34
1.3
1.3
1.38
1.33
1.36
1.33
1.29
1.35
1.33
1.36
1.35
1.3
1.33
1.33
1.32
1.36
1.35
1.35
1.37
1.31
1.29
1.4
1.33
1.37
1.33
1.36
1.33
1.34
1.38
1.36
1.34
1.36
1.36
1.33
1.34
1.35
1.34
1.31
1.31
1.32
1.36
1.35
1.35
1.33
1.32
1.34
1.37
1.35
1.34
1.34
1.33
1.39
1.34
1.34
1.32
1.34
1.35
1.31
1.38
1.34
1.35
1.33
1.32
1.37
1.32
1.35
1.32
1.36
1.35
1.4
1.33
1.4
1.29
1.36
1.31
1.31
1.33
1.4
1.38
1.37
1.33
1.38
1.3
1.34
1.37
1.34
1.37
1.36
1.32
1.31
1.37
1.36
1.36
1.33
1.35
1.34
1.33
1.36
1.34
1.37
1.33
1.36
1.34
1.37
1.33
1.3
1.3
1.38
1.33
1.34
1.32
1.29
1.36
1.33
1.36
1.37
1.32
1.34
1.33
1.31
1.35
1.35
1.34
1.35
1.31
1.3
1.38
1.3
1.38
1.33
1.34
1.31
1.33
1.36
1.36
1.34
1.36
1.37
1.3
1.36
1.34
1.35
1.29
1.32
1.32
1.37
1.35
1.36
1.34
1.34
1.34
1.36
1.35
1.32
1.33
1.31
1.39
1.35
1.35
1.31
1.35
1.36
1.32
1.38
1.36
1.36
1.32
1.32
1.37
1.33
1.34
1.33
1.38
1.36
1.4
1.33
1.38
1.31
1.36
1.32
1.31
1.34
1.41
1.38
1.36
1.31
1.39
1.32
1.34
1.36
1.35
1.39
1.38
1.35
1.31
1.37
1.35
1.39
1.33
1.36
1.34
1.37
1.36
1.34
1.37
1.33
1.39
1.35
1.38
1.35
1.32
1.31
1.37
1.34
1.34
1.33
1.32
1.37
1.35
1.36
1.37
1.31
1.33
1.35
1.34
1.37
1.35
1.34
1.38
1.32
1.3
1.42
1.32
1.37
1.33
1.35
1.33
1.34
1.38
1.36
1.36
1.36
1.35
1.33
1.34
1.34
1.36
1.34
1.33
1.32
1.37
1.37
1.36
1.35
1.33
1.36
1.39
1.36
1.36
1.34
1.33
1.4
1.34
1.34
1.34
1.32
1.37
1.32
1.37
1.37
1.36
1.34
1.3
1.36
1.31
1.35
1.31
1.37
1.38
1.42
1.33
1.4
1.3
1.37
1.32
1.3
1.34
1.41
1.36
1.36
1.33
1.38
1.33
1.36
1.37
1.36
1.41
1.39
1.37
1.32
1.36
1.33
1.38
1.32
1.36
1.34
1.36
1.33
1.32
1.37
1.33
1.36
1.35
1.38
1.35
1.32
1.32
1.38
1.34
1.34
1.32
1.31
1.37
1.33
1.36
1.36
1.29
1.34
1.34
1.34
1.36
1.35
1.35
1.37
1.32
1.29
1.38
1.31
1.37
1.31
1.35
1.32
1.34
1.38
1.36
1.34
1.36
1.36
1.34
1.35
1.35
1.36
1.33
1.33
1.33
1.36
1.35
1.38
1.34
1.34
1.35
1.38
1.36
1.35
1.34
1.31
1.37
1.35
1.34
1.33
1.33
1.37
1.34
1.36
1.36
1.34
1.33
1.31
1.39
1.32
1.34
1.32
1.37
1.36
1.41
1.32
1.38
1.3
1.37
1.32
1.32
1.35
1.41
1.37
1.35
1.32
1.37
1.32
1.33
1.37
1.34
1.38
1.36
1.34
1.31
1.37
1.37
1.39
1.33
1.35
1.36
1.36
1.36
1.34
1.39
1.32
1.37
1.35
1.38
1.33
1.32
1.3
1.39
1.34
1.35
1.33
1.3
1.34
1.33
1.36
1.37
1.3
1.32
1.34
1.33
1.35
1.36
1.35
1.34
1.31
1.3
1.4
1.31
1.38
1.32
1.35
1.31
1.34
1.37
1.38
1.34
1.37
1.37
1.32
1.34
1.33
1.34
1.32
1.33
1.34
1.35
1.34
1.36
1.34
1.33
1.34
1.37
1.36
1.35
1.35
1.31
1.38
1.36
1.34
1.33
1.33
1.37
1.34
1.37
1.38
1.36
1.36
1.31
1.37
1.32
1.37
1.32
1.39
1.36
1.43
1.33
1.38
1.29
1.4
1.33
1.32
1.35
1.42
1.39
1.37
1.33
1.39
1.33
1.37
1.4
1.36
1.4
1.39
1.35
1.33
1.38
1.36
1.38
1.32
1.36
1.34
1.36
1.35
1.34
1.4
1.34
1.38
1.35
1.38
1.34
1.33
1.31
1.35
1.35
1.36
1.32
1.32
1.38
1.33
1.38
1.37
1.32
1.34
1.32
1.36
1.38
1.36
1.38
1.37
1.32
1.3
1.41
1.32
1.37
1.32
1.36
1.32
1.34
1.39
1.37
1.34
1.38
1.38
1.32
1.36
1.35
1.35
1.33
1.33
1.32
1.36
1.36
1.35
1.36
1.34
1.35
1.38
1.37
1.36
1.35
1.33
1.39
1.37
1.34
1.32
1.35
1.35
1.33
1.38
1.37
1.35
1.33
1.31
1.37
1.31
1.34
1.33
1.39
1.36
1.4
1.32
1.38
1.29
1.38
1.34
1.32
1.35
1.42
1.37
1.37
1.34
1.4
1.34
1.36
1.37
1.38
1.4
1.39
1.35
1.3
1.36
1.35
1.38
1.34
1.37
1.35
1.36
1.36
1.34
1.38
1.34
1.38
1.34
1.37
1.32
1.34
1.31
1.39
1.35
1.36
1.32
1.3
1.36
1.31
1.37
1.36
1.32
1.33
1.33
1.35
1.36
1.38
1.37
1.34
1.32
1.29
1.38
1.3
1.36
1.33
1.35
1.33
1.34
1.38
1.35
1.34
1.36
1.36
1.32
1.34
1.35
1.35
1.3
1.35
1.32
1.37
1.36
1.34
1.35
1.32
1.35
1.35
1.36
1.35
1.35
1.32
1.35
1.35
1.33
1.32
1.32
1.37
1.33
1.39
1.37
1.34
1.34
1.32
1.35
1.32
1.34
1.33
1.38
1.36
1.42
1.32
1.37
1.3
1.38
1.32
1.32
1.36
1.39
1.37
1.37
1.34
1.38
1.33
1.35
1.37
1.36
1.38
1.38
1.34
1.33
1.37
1.36
1.38
1.34
1.35
1.36
1.37
1.36
1.33
1.35
1.35
1.36
1.35
1.39
1.33
1.31
1.3
1.39
1.34
1.36
1.32
1.32
1.35
1.32
1.37
1.36
1.3
1.34
1.32
1.35
1.36
1.37
1.36
1.36
1.32
1.29
1.4
1.3
1.37
1.31
1.35
1.33
1.36
1.38
1.35
1.34
1.38
1.36
1.31
1.36
1.35
1.34
1.32
1.32
1.31
1.37
1.35
1.35
1.33
1.33
1.34
1.36
1.36
1.33
1.32
1.3
1.37
1.36
1.34
1.3
1.32
1.36
1.32
1.37
1.33
1.33
1.33
1.31
1.35
1.3
1.35
1.34
1.38
1.36
1.4
1.32
1.39
1.3
1.37
1.33
1.32
1.34
1.41
1.35
1.36
1.32
1.39
1.31
1.35
1.38
1.34
1.39
1.38
1.33
1.32
1.36
1.36
1.37
1.32
1.34
1.35
1.36
1.34
1.31
1.35
1.35
1.38
1.36
1.36
1.35
1.31
1.3
1.38
1.33
1.35
1.32
1.3
1.34
1.35
1.36
1.36
1.31
1.33
1.34
1.34
1.36
1.35
1.35
1.37
1.34
1.28
1.37
1.31
1.38
1.32
1.36
1.34
1.33
1.37
1.37
1.34
1.37
1.36
1.3
1.36
1.34
1.36
1.32
1.34
1.33
1.36
1.37
1.35
1.35
1.34
1.34
1.35
1.36
1.35
1.35
1.33
1.38
1.36
1.35
1.33
1.32
1.37
1.34
1.38
1.37
1.34
1.33
1.33
1.4
1.31
1.34
1.33
1.39
1.36
1.41
1.34
1.38
1.3
1.37
1.32
1.31
1.34
1.42
1.39
1.36
1.34
1.4
1.34
1.33
1.38
1.36
1.41
1.35
1.34
1.31
1.39
1.36
1.39
1.33
1.38
1.37
1.37
1.35
1.32
1.37
1.36
1.38
1.34
1.39
1.34
1.3
1.32
1.39
1.34
1.37
1.34
1.32
1.37
1.35
1.38
1.36
1.31
1.34
1.36
1.33
1.39
1.37
1.36
1.38
1.34
1.29
1.42
1.33
1.37
1.33
1.36
1.32
1.34
1.39
1.37
1.35
1.36
1.39
1.32
1.36
1.36
1.35
1.31
1.33
1.33
1.37
1.35
1.36
1.36
1.33
1.35
1.37
1.37
1.35
1.34
1.32
1.36
1.36
1.34
1.31
1.34
1.37
1.34
1.37
1.35
1.36
1.35
1.31
1.36
1.32
1.36
1.32
1.39
1.34
1.39
1.33
1.38
1.3
1.36
1.33
1.31
1.34
1.42
1.37
1.36
1.33
1.39
1.32
1.34
1.37
1.35
1.37
1.38
1.33
1.34
1.37
1.33
1.37
1.32
1.33
1.35
1.34
1.36
1.35
1.35
1.31
1.36
1.34
1.38
1.31
1.31
1.3
1.37
1.33
1.34
1.32
1.29
1.34
1.32
1.35
1.36
1.31
1.32
1.32
1.33
1.35
1.36
1.35
1.34
1.3
1.29
1.39
1.3
1.36
1.33
1.34
1.34
1.34
1.37
1.35
1.34
1.36
1.36
1.31
1.35
1.33
1.35
1.31
1.34
1.32
1.36
1.36
1.34
1.34
1.34
1.35
1.36
1.35
1.34
1.32
1.3
1.37
1.35
1.32
1.3
1.33
1.36
1.32
1.38
1.34
1.35
1.33
1.31
1.37
1.32
1.36
1.31
1.38
1.36
1.41
1.33
1.38
1.29
1.37
1.32
1.31
1.35
1.42
1.38
1.36
1.33
1.38
1.32
1.35
1.38
1.35
1.39
1.38
1.35
1.33
1.38
1.36
1.39
1.35
1.37
1.34
1.36
1.36
1.32
1.37
1.35
1.37
1.35
1.4
1.34
1.31
1.31
1.39
1.33
1.38
1.33
1.31
1.36
1.35
1.38
1.38
1.32
1.33
1.35
1.33
1.36
1.37
1.36
1.36
1.34
1.31
1.42
1.33
1.38
1.34
1.37
1.34
1.33
1.41
1.39
1.37
1.39
1.37
1.33
1.36
1.37
1.34
1.34
1.32
1.36
1.38
1.39
1.36
1.35
1.33
1.38
1.4
1.38
1.37
1.35
1.34
1.4
1.37
1.35
1.34
1.33
1.37
1.35
1.38
1.34
1.36
1.36
1.32
1.38
1.31
1.36
1.33
1.38
1.36
1.42
1.35
1.4
1.31
1.38
1.32
1.3
1.34
1.43
1.39
1.38
1.33
1.39
1.35
1.35
1.41
1.38
1.41
1.36
1.36
1.33
1.38
1.37
1.38
1.35
1.38
1.33
1.38
1.38
1.36
1.39
1.36
1.38
1.37
1.41
1.38
1.31
1.33
1.43
1.35
1.39
1.34
1.33
1.38
1.35
1.4
1.37
1.33
1.34
1.35
1.34
1.37
1.39
1.36
1.38
1.34
1.31
1.41
1.34
1.39
1.33
1.35
1.33
1.34
1.4
1.39
1.35
1.38
1.38
1.33
1.35
1.37
1.34
1.31
1.33
1.33
1.37
1.37
1.35
1.35
1.33
1.35
1.38
1.37
1.36
1.32
1.32
1.38
1.35
1.34
1.33
1.33
1.35
1.34
1.36
1.34
1.35
1.33
1.32
1.38
1.31
1.36
1.32
1.38
1.36
1.4
1.32
1.39
1.32
1.37
1.32
1.31
1.34
1.41
1.38
1.38
1.33
1.38
1.32
1.36
1.4
1.37
1.39
1.38
1.35
1.34
1.38
1.37
1.36
1.33
1.37
1.35
1.35
1.37
1.35
1.38
1.35
1.36
1.36
1.4
1.35
1.32
1.31
1.37
1.37
1.37
1.32
1.32
1.35
1.34
1.38
1.35
1.32
1.34
1.33
1.33
1.34
1.36
1.36
1.38
1.33
1.3
1.4
1.33
1.38
1.35
1.35
1.34
1.37
1.39
1.37
1.36
1.38
1.38
1.34
1.34
1.36
1.33
1.32
1.33
1.32
1.38
1.36
1.35
1.35
1.33
1.35
1.36
1.35
1.34
1.36
1.32
1.36
1.37
1.32
1.32
1.33
1.36
1.35
1.37
1.36
1.38
1.33
1.31
1.38
1.33
1.35
1.33
1.38
1.37
1.41
1.36
1.4
1.31
1.35
1.33
1.3
1.34
1.42
1.39
1.36
1.33
1.39
1.33
1.34
1.39
1.37
1.39
1.39
1.34
1.34
1.38
1.35
1.36
1.34
1.37
1.35
1.35
1.36
1.34
1.38
1.34
1.37
1.37
1.4
1.34
1.32
1.31
1.39
1.34
1.4
1.35
1.33
1.34
1.34
1.39
1.35
1.32
1.34
1.34
1.34
1.39
1.35
1.35
1.37
1.33
1.29
1.42
1.32
1.39
1.34
1.37
1.35
1.35
1.39
1.38
1.36
1.39
1.38
1.33
1.35
1.36
1.36
1.33
1.34
1.35
1.39
1.38
1.35
1.36
1.33
1.37
1.38
1.36
1.34
1.34
1.32
1.38
1.36
1.33
1.32
1.34
1.35
1.33
1.37
1.35
1.36
1.35
1.33
1.38
1.32
1.35
1.35
1.38
1.36
1.41
1.33
1.41
1.31
1.36
1.33
1.33
1.32
1.42
1.37
1.37
1.34
1.39
1.33
1.33
1.38
1.36
1.39
1.37
1.33
1.31
1.38
1.36
1.39
1.34
1.36
1.35
1.35
1.36
1.35
1.37
1.34
1.38
1.35
1.39
1.34
1.34
1.3
1.38
1.36
1.36
1.33
1.3
1.35
1.35
1.38
1.36
1.31
1.33
1.32
1.32
1.36
1.36
1.36
1.35
1.31
1.28
1.4
1.3
1.38
1.34
1.35
1.32
1.33
1.38
1.37
1.33
1.38
1.38
1.33
1.34
1.36
1.35
1.31
1.32
1.33
1.37
1.37
1.34
1.37
1.34
1.33
1.37
1.37
1.34
1.34
1.33
1.35
1.35
1.32
1.33
1.32
1.36
1.32
1.37
1.35
1.36
1.33
1.32
1.37
1.33
1.34
1.32
1.38
1.36
1.41
1.33
1.4
1.3
1.36
1.33
1.3
1.34
1.41
1.37
1.36
1.34
1.37
1.32
1.34
1.39
1.36
1.4
1.37
1.32
1.32
1.37
1.34
1.37
1.33
1.37
1.34
1.34
1.35
1.35
1.37
1.33
1.36
1.36
1.4
1.33
1.32
1.31
1.38
1.35
1.37
1.32
1.31
1.36
1.34
1.37
1.35
1.32
1.34
1.34
1.33
1.35
1.37
1.35
1.36
1.33
1.3
1.4
1.32
1.4
1.36
1.37
1.35
1.35
1.39
1.37
1.36
1.38
1.37
1.33
1.35
1.34
1.34
1.31
1.32
1.36
1.38
1.37
1.35
1.36
1.33
1.39
1.39
1.36
1.35
1.34
1.32
1.4
1.35
1.34
1.33
1.33
1.37
1.35
1.38
1.34
1.37
1.35
1.33
1.38
1.32
1.35
1.34
1.37
1.36
1.41
1.34
1.41
1.31
1.38
1.33
1.29
1.37
1.41
1.39
1.37
1.33
1.39
1.33
1.35
1.39
1.34
1.39
1.39
1.32
1.33
1.37
1.36
1.37
1.33
1.35
1.36
1.34
1.35
1.34
1.36
1.33
1.39
1.36
1.37
1.35
1.32
1.31
1.38
1.36
1.37
1.34
1.33
1.37
1.34
1.38
1.37
1.32
1.33
1.34
1.33
1.36
1.37
1.36
1.36
1.34
1.29
1.4
1.35
1.39
1.33
1.36
1.32
1.32
1.39
1.38
1.35
1.37
1.35
1.32
1.35
1.35
1.36
1.35
1.32
1.33
1.38
1.38
1.36
1.38
1.34
1.36
1.39
1.35
1.34
1.35
1.32
1.39
1.34
1.32
1.33
1.32
1.36
1.32
1.37
1.36
1.35
1.35
1.32
1.38
1.33
1.34
1.33
1.38
1.36
1.4
1.34
1.39
1.32
1.37
1.32
1.29
1.33
1.41
1.38
1.38
1.32
1.37
1.34
1.34
1.36
1.35
1.39
1.38
1.34
1.33
1.38
1.37
1.37
1.33
1.35
1.37
1.34
1.38
1.34
1.38
1.34
1.37
1.34
1.39
1.31
1.34
1.33
1.39
1.36
1.36
1.32
1.33
1.36
1.32
1.36
1.36
1.32
1.35
1.34
1.35
1.36
1.36
1.34
1.35
1.33
1.3
1.4
1.33
1.37
1.33
1.34
1.33
1.35
1.37
1.38
1.36
1.38
1.38
1.32
1.35
1.34
1.35
1.32
1.34
1.32
1.36
1.37
1.36
1.36
1.33
1.36
1.39
1.37
1.33
1.34
1.33
1.39
1.36
1.32
1.31
1.33
1.36
1.33
1.37
1.35
1.37
1.35
1.32
1.38
1.34
1.36
1.32
1.39
1.35
1.42
1.32
1.41
1.3
1.36
1.31
1.32
1.35
1.42
1.38
1.37
1.35
1.38
1.34
1.34
1.38
1.36
1.39
1.36
1.32
1.31
1.36
1.36
1.4
1.33
1.34
1.34
1.35
1.35
1.33
1.37
1.33
1.36
1.36
1.4
1.32
1.32
1.31
1.39
1.35
1.35
1.33
1.32
1.36
1.32
1.38
1.36
1.32
1.34
1.33
1.33
1.36
1.37
1.35
1.37
1.32
1.31
1.38
1.31
1.38
1.34
1.34
1.34
1.34
1.36
1.38
1.36
1.36
1.38
1.33
1.35
1.35
1.34
1.3
1.32
1.32
1.37
1.36
1.35
1.36
1.34
1.36
1.38
1.37
1.35
1.33
1.31
1.38
1.36
1.35
1.31
1.33
1.36
1.32
1.37
1.34
1.37
1.33
1.31
1.38
1.32
1.35
1.31
1.38
1.36
1.41
1.32
1.38
1.3
1.36
1.35
1.3
1.34
1.42
