25.7
24.2
24.6
26.3
23.9
24.1
22.8
23.6
21.3
21.1
18.7
21.3
17.2
16.3
15.4
15.6
14.8
14.2
12.3
11.7
11.4
10.2
9.04
9.38
9.68
8.54
7.55
7.95
7.45
6.91
6.5
6.75
6.17
6.28
5.79
5.78
4.76
4.96
4.56
4.66
4.71
4.32
4.31
3.45
4.18
3.54
3.36
3.32
3.34
3.04
3.11
3.36
3.08
2.73
2.79
2.65
2.56
2.43
2.62
2.52
2.22
2.26
2.06
2.3
2.17
2.2
2.06
1.82
2.19
1.95
1.9
1.8
1.69
1.69
1.78
1.84
1.81
1.55
1.47
1.68
1.53
1.61
1.54
1.73
1.5
1.47
1.46
1.49
1.41
1.43
1.42
1.49
1.33
1.49
1.4
1.33
1.44
1.28
1.33
1.4
1.26
1.29
1.33
1.3
1.29
1.21
1.28
1.29
1.27
1.3
1.23
1.2
1.42
1.27
1.28
1.25
1.28
1.27
1.24
1.22
1.2
1.26
1.19
1.22
1.25
1.21
1.21
1.2
1.26
1.19
1.22
1.2
1.28
1.23
1.26
1.22
1.19
1.22
1.23
1.18
1.2
1.17
1.23
1.2
1.22
1.21
1.14
1.2
1.17
1.19
1.21
1.18
1.24
1.21
1.25
1.22
1.18
1.17
1.16
1.17
1.17
1.18
1.17
1.16
1.16
1.16
1.15
1.17
1.18
1.14
1.14
1.16
1.18
1.17
1.17
1.16
1.15
1.1
1.13
1.23
1.16
1.17
1.14
1.13
1.15
1.15
1.14
1.12
1.13
1.15
1.19
1.17
1.15
1.17
1.16
1.14
1.15
1.16
1.16
1.14
1.14
1.14
1.11
1.14
1.16
1.11
1.13
1.15
1.13
1.12
1.13
1.11
1.15
1.16
1.14
1.15
1.13
1.15
1.14
1.14
1.18
1.15
1.14
1.13
1.15
1.15
1.13
1.15
1.14
1.15
1.1
1.14
1.12
1.17
1.14
1.16
1.13
1.13
1.13
1.12
1.19
1.15
1.14
1.13
1.12
1.13
1.12
1.15
1.12
1.12
1.14
1.12
1.12
1.12
1.13
1.13
1.14
1.14
1.13
1.14
1.14
1.15
1.1
1.13
1.1
1.19
1.14
1.11
1.12
1.11
1.13
1.14
1.1
1.13
1.16
1.11
1.14
1.13
1.09
1.14
1.12
1.12
1.08
1.11
1.15
1.11
1.13
1.11
1.12
1.11
1.12
1.12
1.11
1.12
1.11
1.16
1.13
1.16
1.11
1.13
1.14
1.12
1.13
1.12
1.11
1.12
1.1
1.1
1.11
1.14
1.11
1.12
1.11
1.11
1.12
1.09
1.11
1.13
1.14
1.15
1.12
1.09
1.16
1.13
1.1
1.13
1.13
1.11
1.12
1.12
1.12
1.1
1.12
1.1
1.09
1.08
1.11
1.11
1.13
1.1
1.1
1.12
1.12
1.13
1.11
1.13
1.11
1.15
1.14
1.09
1.11
1.14
1.1
1.08
1.13
1.13
1.08
1.09
1.1
1.12
1.11
1.1
1.1
1.14
1.13
1.13
1.11
1.08
1.14
1.09
1.12
1.11
1.12
1.09
1.11
1.1
1.13
1.1
1.12
1.1
1.09
1.1
1.14
1.08
1.11
1.1
1.08
1.08
1.16
1.14
1.12
1.21
1.11
1.07
1.09
1.12
1.13
1.09
1.17
1.06
1.12
1.12
1.13
1.1
1.12
1.09
1.11
1.11
1.11
1.09
1.09
1.11
1.12
1.1
1.11
1.08
1.09
1.1
1.1
1.09
1.08
1.09
1.11
1.11
1.1
1.07
1.08
1.12
1.12
1.12
1.11
1.12
1.1
1.08
1.09
1.09
1.1
1.09
1.1
1.1
1.08
1.1
1.09
1.12
1.09
1.11
1.11
1.09
1.1
1.09
1.11
1.09
1.11
1.09
1.07
1.11
1.1
1.09
1.09
1.11
1.08
1.07
1.1
1.08
1.09
1.11
1.1
1.13
1.12
1.13
1.11
1.13
1.08
1.06
1.09
1.11
1.11
1.1
1.1
1.09
1.11
1.1
1.09
1.12
1.09
1.09
1.08
1.16
1.08
1.1
1.1
1.09
1.05
1.08
1.1
1.08
1.09
1.1
1.07
1.11
1.07
1.11
1.08
1.1
1.08
1.11
1.11
1.08
1.09
1.11
1.1
1.09
1.11
1.09
1.09
1.1
1.1
1.08
1.08
1.11
1.08
1.09
1.09
1.09
1.08
1.07
1.08
1.08
1.11
1.11
1.11
1.09
1.11
1.11
1.07
1.11
1.1
1.08
1.08
1.1
1.11
1.09
1.09
1.08
1.09
1.06
1.1
1.07
1.11
1.08
1.08
1.1
1.09
1.09
1.08
1.1
1.08
1.09
1.08
1.07
1.08
1.09
1.09
1.09
1.11
1.08
1.07
1.09
1.09
1.1
1.09
1.11
1.11
1.11
1.1
1.1
1.1
1.08
1.07
1.08
1.09
1.12
1.07
1.11
1.1
1.1
1.08
1.08
1.12
1.1
1.09
1.07
1.1
1.07
1.09
1.1
1.07
1.06
1.08
1.09
1.1
1.08
1.09
1.08
1.09
1.08
1.09
1.08
1.1
1.06
1.11
1.11
1.09
1.1
1.08
1.08
1.08
1.1
1.09
1.08
1.09
1.1
1.08
1.08
1.08
1.07
1.07
1.09
1.09
1.07
1.07
1.08
1.09
1.1
1.11
1.08
1.07
1.11
1.1
1.08
1.1
1.1
1.08
1.07
1.09
1.09
1.07
1.08
1.07
1.09
1.07
1.09
1.09
1.08
1.08
1.09
1.09
1.06
1.09
1.1
1.07
1.09
1.09
1.07
1.08
1.08
1.08
1.08
1.09
1.08
1.08
1.07
1.08
1.08
1.08
1.1
1.07
1.09
1.09
1.09
1.1
1.08
1.08
1.06
1.06
1.09
1.08
1.09
1.11
1.08
1.08
1.09
1.08
1.13
1.08
1.06
1.08
1.1
1.06
1.09
1.08
1.06
1.06
1.07
1.09
1.09
1.08
1.08
1.08
1.09
1.09
1.08
1.07
1.09
1.08
1.1
1.09
1.07
1.08
1.1
1.07
1.09
1.09
1.1
1.08
1.09
1.09
1.08
1.07
1.1
1.07
1.08
1.07
1.1
1.07
1.07
1.1
1.07
1.08
1.09
1.08
1.09
1.11
1.07
1.08
1.1
1.09
1.07
1.06
1.07
1.1
1.09
1.09
1.08
1.09
1.07
1.07
1.11
1.09
1.07
1.12
1.08
1.08
1.07
1.06
1.09
1.07
1.09
1.08
1.06
1.08
1.08
1.08
1.06
1.09
1.07
1.06
1.09
1.09
1.08
1.08
1.08
1.08
1.09
1.08
1.08
1.08
1.07
1.06
1.07
1.12
1.11
1.09
1.07
1.09
1.07
1.08
1.07
1.08
1.07
1.07
1.07
1.1
1.07
1.08
1.08
1.07
1.04
1.08
1.08
1.07
1.08
1.08
1.05
1.08
1.06
1.08
1.07
1.08
1.06
1.1
1.08
1.08
1.07
1.08
1.06
1.08
1.08
1.13
1.07
1.09
1.07
1.08
1.06
1.08
1.06
1.08
1.05
1.08
1.05
1.06
1.06
1.08
1.07
1.08
1.07
1.07
1.08
1.07
1.07
1.08
1.09
1.08
1.06
1.07
1.07
1.08
1.07
1.09
1.07
1.07
1.07
1.07
1.1
1.08
1.08
1.07
1.07
1.08
1.08
1.09
1.09
1.09
1.1
1.06
1.07
1.07
1.09
1.07
1.08
1.07
1.06
1.08
1.07
1.07
1.09
1.07
1.07
1.09
1.09
1.1
1.09
1.08
1.08
1.07
1.09
1.08
1.07
1.06
1.07
1.08
1.09
1.06
1.08
1.08
1.07
1.09
1.1
1.05
1.1
1.09
1.07
1.05
1.08
1.07
1.07
1.08
1.06
1.06
1.07
1.06
1.08
1.07
1.08
1.05
1.1
1.08
1.07
1.07
1.09
1.06
1.09
1.08
1.07
1.07
1.07
1.07
1.05
1.07
1.07
1.05
1.07
1.06
1.07
1.06
1.05
1.06
1.06
1.08
1.09
1.07
1.06
1.1
1.05
1.08
1.07
1.09
1.07
1.06
1.07
1.08
1.06
1.06
1.09
1.08
1.06
1.08
1.07
1.07
1.06
1.08
1.08
1.05
1.08
1.06
1.08
1.07
1.09
1.07
1.06
1.07
1.09
1.07
1.06
1.06
1.06
1.04
1.07
1.06
1.08
1.07
1.07
1.07
1.08
1.07
1.06
1.07
1.06
1.05
1.04
1.07
1.08
1.05
1.07
1.07
1.07
1.07
1.07
1.08
1.06
1.04
1.06
1.08
1.05
1.06
1.06
1.06
1.05
1.06
1.06
1.06
1.09
1.08
1.04
1.08
1.08
1.08
1.07
1.08
1.05
1.1
1.08
1.08
1.07
1.08
1.08
1.08
1.08
1.07
1.06
1.07
1.05
1.07
1.07
1.08
1.06
1.07
1.06
1.07
1.07
1.05
1.06
1.07
1.06
1.1
1.07
1.08
1.09
1.07
1.06
1.06
1.08
1.05
1.07
1.06
1.06
1.07
1.06
1.07
1.08
1.04
1.07
1.05
1.07
1.06
1.07
1.09
1.06
1.08
1.06
1.07
1.05
1.09
1.07
1.05
1.07
1.07
1.05
1.06
1.07
1.07
1.05
1.05
1.07
1.06
1.08
1.09
1.07
1.08
1.08
1.07
1.07
1.07
1.05
1.05
1.08
1.07
1.06
1.07
1.08
1.07
1.07
1.06
1.06
1.08
1.06
1.07
1.07
1.04
1.06
1.06
1.06
1.04
1.06
1.08
1.07
1.08
1.07
1.05
1.07
1.06
1.08
1.06
1.09
1.05
1.09
1.08
1.06
1.07
1.09
1.05
1.06
1.09
1.08
1.06
1.07
1.06
1.06
1.07
1.07
1.05
1.07
1.05
1.07
1.06
1.05
1.05
1.06
1.07
1.07
1.07
1.06
1.09
1.07
1.05
1.06
1.07
1.05
1.05
1.07
1.08
1.07
1.07
1.07
1.06
1.06
1.06
1.06
1.09
1.06
1.07
1.07
1.05
1.09
1.07
1.08
1.06
1.07
1.07
1.05
1.06
1.08
1.07
1.07
1.07
1.06
1.04
1.07
1.07
1.05
1.08
1.07
1.07
1.09
1.08
1.08
1.07
1.06
1.05
1.06
1.08
1.07
1.08
1.06
1.08
1.08
1.07
1.07
1.07
1.08
1.05
1.06
1.08
1.04
1.08
1.06
1.05
1.05
1.06
1.07
1.06
1.08
1.06
1.04
1.07
1.06
1.07
1.06
1.07
1.05
1.08
1.07
1.07
1.06
1.06
1.05
1.06
1.06
1.07
1.06
1.06
1.06
1.04
1.06
1.08
1.05
1.07
1.05
1.07
1.05
1.05
1.05
1.06
1.08
1.07
1.06
1.07
1.09
1.06
1.06
1.07
1.07
1.06
1.05
1.06
1.07
1.06
1.06
1.06
1.07
1.04
1.06
1.06
1.07
1.07
1.05
1.07
1.06
1.07
1.06
1.08
1.05
1.06
1.06
1.06
1.06
1.07
1.06
1.05
1.06
1.06
1.05
1.06
1.06
1.07
1.07
1.08
1.06
1.09
1.08
1.08
1.07
1.06
1.05
1.05
1.08
1.07
1.07
1.05
1.08
1.09
1.07
1.05
1.08
1.06
1.04
1.06
1.07
1.04
1.08
1.06
1.05
1.04
1.05
1.06
1.05
1.07
1.05
1.05
1.06
1.05
1.06
1.07
1.07
1.05
1.08
1.07
1.06
1.07
1.07
1.04
1.05
1.07
1.07
1.07
1.07
1.08
1.06
1.07
1.07
1.05
1.06
1.07
1.08
1.05
1.03
1.05
1.06
1.07
1.07
1.07
1.06
1.08
1.07
1.07
1.06
1.08
1.05
1.06
1.06
1.06
1.07
1.05
1.08
1.06
1.04
1.07
1.05
1.07
1.07
1.05
1.07
1.05
1.07
1.06
1.07
1.05
1.07
1.07
1.04
1.07
1.05
1.06
1.05
1.06
1.05
1.05
1.05
1.06
1.07
1.08
1.07
1.07
1.09
1.07
1.07
1.08
1.06
1.05
1.06
1.08
1.07
1.06
1.06
1.07
1.07
1.06
1.05
1.08
1.07
1.05
1.05
1.07
1.04
1.06
1.07
1.07
1.03
1.06
1.07
1.05
1.07
1.06
1.05
1.07
1.04
1.05
1.06
1.07
1.04
1.07
1.07
1.07
1.07
1.06
1.06
1.08
1.07
1.07
1.07
1.07
1.05
1.05
1.07
1.08
1.06
1.06
1.06
1.07
1.06
1.04
1.06
1.06
1.08
1.07
1.07
1.07
1.07
1.06
1.06
1.06
1.07
1.06
1.06
1.06
1.06
1.06
1.05
1.06
1.06
1.05
1.07
1.06
1.08
1.07
1.05
1.07
1.05
1.08
1.06
1.07
1.06
1.06
1.06
1.05
1.07
1.07
1.06
1.05
1.07
1.06
1.05
1.05
1.07
1.06
1.08
1.06
1.05
1.08
1.07
1.05
1.08
1.07
1.05
1.05
1.08
1.07
1.07
1.06
1.05
1.07
1.06
1.05
1.08
1.06
1.04
1.05
1.07
1.05
1.06
1.07
1.06
1.03
1.04
1.07
1.04
1.07
1.06
1.05
1.06
1.04
1.06
1.05
1.06
1.04
1.08
1.08
1.06
1.07
1.07
1.05
1.06
1.06
1.07
1.07
1.05
1.06
1.06
1.06
1.07
1.05
1.06
1.05
1.06
1.04
1.05
1.05
1.05
1.06
1.06
1.06
1.06
1.07
1.07
1.05
1.06
1.07
1.05
1.05
1.05
1.05
1.05
1.06
1.06
1.07
1.05
1.05
1.03
1.07
1.05
1.05
1.06
1.05
1.08
1.06
1.07
1.05
1.07
1.06
1.04
1.05
1.06
1.06
1.07
1.06
1.04
1.04
1.06
1.06
1.05
1.07
1.07
1.05
1.08
1.05
1.07
1.07
1.06
1.04
1.05
1.08
1.06
1.05
1.05
1.07
1.06
1.06
1.06
1.07
1.06
1.05
1.06
1.08
1.04
1.07
1.07
1.06
1.04
1.06
1.06
1.05
1.07
1.07
1.04
1.06
1.05
1.06
1.04
1.06
1.04
1.07
1.08
1.06
1.06
1.06
1.05
1.06
1.06
1.06
1.06
1.06
1.04
1.04
1.06
1.08
1.05
1.06
1.05
1.06
1.05
1.04
1.05
1.05
1.06
1.07
1.05
1.06
1.07
1.05
1.06
1.05
1.06
1.06
1.04
1.05
1.06
1.06
1.04
1.07
1.06
1.04
1.07
1.04
1.06
1.04
1.06
1.06
1.05
1.07
1.05
1.06
1.04
1.06
1.05
1.05
1.05
1.04
1.05
1.05
1.05
1.05
1.03
1.06
1.05
1.04
1.07
1.06
1.05
1.07
1.05
1.05
1.06
1.05
1.04
1.05
1.07
1.08
1.05
1.04
1.07
1.07
1.04
1.06
1.06
1.05
1.04
1.06
1.06
1.03
1.05
1.05
1.04
1.03
1.06
1.06
1.05
1.06
1.06
1.04
1.06
1.04
1.07
1.05
1.04
1.04
1.08
1.06
1.05
1.05
1.06
1.04
1.05
1.06
1.06
1.05
1.06
1.05
1.06
1.05
1.05
1.05
1.05
1.07
1.07
1.04
1.04
1.04
1.06
1.06
1.08
1.05
1.05
1.09
1.06
1.05
1.06
1.07
1.05
1.05
1.06
1.06
1.06
1.04
1.05
1.07
1.05
1.06
1.04
1.07
1.05
1.06
1.06
1.06
1.06
1.06
1.08
1.05
1.07
1.05
1.04
1.06
1.06
1.05
1.05
1.06
1.05
1.05
1.06
1.05
1.07
1.07
1.06
1.04
1.07
1.08
1.05
1.06
1.06
1.04
1.04
1.06
1.08
1.06
1.06
1.06
1.07
1.06
1.06
1.07
1.06
1.05
1.04
1.1
1.04
1.04
1.05
1.05
1.04
1.06
1.07
1.06
1.06
1.05
1.04
1.07
1.04
1.06
1.06
1.06
1.05
1.08
1.06
1.05
1.06
1.07
1.06
1.07
1.07
1.06
1.06
1.07
1.05
1.05
1.07
1.06
1.05
1.05
1.06
1.06
1.05
1.03
1.04
1.06
1.06
1.06
1.04
1.05
1.07
1.06
1.05
1.08
1.07
1.05
1.04
1.05
1.07
1.05
1.05
1.06
1.06
1.05
1.05
1.04
1.08
1.06
1.07
1.06
1.04
1.07
1.05
1.06
1.04
1.07
1.06
1.05
1.05
1.06
1.06
1.05
1.07
1.05
1.05
1.05
1.05
1.06
1.07
1.06
1.05
1.06
1.07
1.06
1.05
1.06
1.04
1.04
1.08
1.06
1.05
1.05
1.06
1.06
1.05
1.05
1.07
1.05
1.04
1.06
1.07
1.04
1.06
1.06
1.05
1.04
1.05
1.06
1.06
1.06
1.05
1.03
1.06
1.05
1.06
1.05
1.05
1.03
1.07
1.07
1.04
1.04
1.05
1.04
1.06
1.06
1.07
1.06
1.05
1.03
1.04
1.06
1.05
1.04
1.07
1.04
1.05
1.06
1.03
1.06
1.05
1.07
1.06
1.05
1.06
1.07
1.08
1.05
1.05
1.06
1.05
1.05
1.05
1.06
1.05
1.05
1.07
1.06
1.04
1.06
1.04
1.06
1.05
1.05
1.07
1.05
1.06
1.05
1.07
1.05
1.06
1.05
1.04
1.06
1.07
1.05
1.06
1.05
1.05
1.05
1.04
1.05
1.06
1.08
1.06
1.07
1.07
1.06
1.07
1.06
1.05
1.05
1.04
1.08
1.07
1.06
1.05
1.05
1.05
1.07
1.05
1.08
1.05
1.06
1.05
1.07
1.04
1.05
1.05
1.04
1.02
1.05
1.05
1.06
1.06
1.06
1.05
1.06
1.04
1.05
1.05
1.06
1.04
1.07
1.07
1.05
1.04
1.06
1.04
1.05
1.06
1.07
1.06
1.06
1.04
1.04
1.05
1.06
1.05
1.06
1.05
1.07
1.05
1.04
1.05
1.05
1.07
1.06
1.06
1.05
1.07
1.05
1.06
1.06
1.05
1.05
1.05
1.06
1.05
1.04
1.05
1.06
1.06
1.04
1.06
1.05
1.06
1.05
1.05
1.07
1.05
1.06
1.05
1.07
1.04
1.06
1.06
1.04
1.07
1.05
1.05
1.06
1.05
1.04
1.05
1.05
1.06
1.05
1.06
1.06
1.05
1.07
1.05
1.07
1.07
1.04
1.04
1.04
1.08
1.07
1.05
1.05
1.07
1.06
1.05
1.05
1.08
1.05
1.05
1.06
1.06
1.04
1.07
1.06
1.04
1.04
1.05
1.06
1.06
1.06
1.06
1.04
1.07
1.04
1.06
1.07
1.06
1.05
1.08
1.05
1.06
1.04
1.06
1.04
1.06
1.07
1.07
1.05
1.06
1.03
1.03
1.05
1.06
1.06
1.06
1.05
1.07
1.05
1.04
1.06
1.05
1.07
1.07
1.06
1.05
1.08
1.07
1.06
1.04
1.05
1.06
1.03
1.05
1.05
1.06
1.04
1.07
1.05
1.04
1.06
1.05
1.06
1.06
1.05
1.06
1.04
1.07
1.06
1.07
1.04
1.07
1.05
1.05
1.05
1.06
1.06
1.06
1.06
1.04
1.05
1.05
1.04
1.05
1.06
1.06
1.05
1.05
1.06
1.06
1.06
1.04
1.05
1.03
1.06
1.06
1.06
1.05
1.06
1.07
1.05
1.04
1.07
1.05
1.04
1.06
1.06
1.03
1.04
1.06
1.05
1.03
1.06
1.05
1.05
1.05
1.04
1.04
1.04
1.04
1.05
1.04
1.05
1.04
1.08
1.07
1.05
1.05
1.06
1.04
1.05
1.06
1.07
1.06
1.07
1.04
1.04
1.05
1.04
1.05
1.06
1.05
1.06
1.04
1.04
1.05
1.05
1.07
1.06
1.05
1.04
1.07
1.05
1.05
1.06
1.07
1.05
1.04
1.05
1.06
1.05
1.05
1.06
1.05
1.04
1.05
1.03
1.07
1.05
1.05
1.06
1.04
1.06
1.05
1.06
1.06
1.06
1.05
1.05
1.06
1.05
1.05
1.05
1.06
1.04
1.03
1.05
1.05
1.06
1.06
1.06
1.05
1.06
1.05
1.07
1.06
1.03
1.04
1.04
1.06
1.06
1.05
1.05
1.06
1.06
1.04
1.04
1.07
1.05
1.04
1.05
1.06
1.04
1.05
1.05
1.05
1.04
1.06
1.06
1.05
1.07
1.04
1.04
1.05
1.04
1.05
1.04
1.07
1.04
1.07
1.08
1.05
1.04
1.06
1.04
1.05
1.06
1.06
1.05
1.07
1.04
1.05
1.06
1.05
1.05
1.06
1.05
1.07
1.05
1.03
1.05
1.04
1.06
1.06
1.06
1.05
1.06
1.06
1.04
1.06
1.05
1.05
1.05
1.05
1.06
1.05
1.05
1.06
1.06
1.03
1.06
1.04
1.06
1.04
1.05
1.06
1.05
1.06
1.06
1.07
1.04
1.06
1.06
1.05
1.05
1.06
1.05
1.04
1.06
1.05
1.03
1.05
1.06
1.05
1.06
1.07
1.06
1.05
1.06
1.07
1.06
1.05
1.04
1.05
1.07
1.06
1.06
1.05
1.06
1.06
1.05
1.05
1.06
1.06
1.05
1.05
1.06
1.03
1.05
1.05
1.04
1.04
1.05
1.05
1.05
1.06
1.04
1.04
1.06
1.03
1.04
1.05
1.06
1.04
1.07
1.07
1.05
1.06
1.06
1.04
1.05
1.06
1.07
1.05
1.05
1.04
1.04
1.04
1.05
1.05
1.06
1.05
1.06
1.04
1.03
1.04
1.05
1.06
1.07
1.05
1.06
1.07
1.05
1.04
1.05
1.06
1.05
1.05
1.04
1.05
1.05
1.05
1.05
1.05
1.03
1.05
1.04
1.06
1.05
1.05
1.06
1.05
1.06
1.05
1.06
1.04
1.07
1.05
1.05
1.05
1.05
1.05
1.04
1.05
1.05
1.04
1.06
1.05
1.06
1.05
1.07
1.05
1.05
1.05
1.05
1.06
1.06
1.04
1.05
1.07
1.06
1.04
1.05
1.06
1.06
1.05
1.04
1.06
1.05
1.06
1.05
1.06
1.03
1.04
1.05
1.04
1.04
1.05
1.06
1.05
1.05
1.06
1.04
1.05
1.04
1.06
1.05
1.07
1.04
1.06
1.05
1.05
1.04
1.06
1.04
1.04
1.06
1.06
1.05
1.06
1.05
1.04
1.05
1.05
1.04
1.05
1.05
1.06
1.04
1.03
1.05
1.04
1.07
1.06
1.05
1.05
1.07
1.06
1.05
1.04
1.05
1.05
1.05
1.05
1.05
1.04
1.03
1.06
1.05
1.03
1.07
1.04
1.07
1.04
1.05
1.06
1.04
1.07
1.04
1.06
1.05
1.07
1.05
1.05
1.05
1.07
1.04
1.04
1.04
1.03
1.04
1.05
1.05
1.06
1.06
1.05
1.05
1.06
1.07
1.07
1.06
1.05
1.04
1.05
1.07
1.07
1.06
1.04
1.06
1.06
1.05
1.05
1.06
1.04
1.05
1.05
1.05
1.05
1.06
1.05
1.05
1.03
1.05
1.05
1.05
1.05
1.05
1.05
1.07
1.04
1.05
1.05
1.06
1.04
1.07
1.07
1.04
1.05
1.05
1.04
1.05
1.05
1.06
1.05
1.05
1.04
1.04
1.05
1.04
1.04
1.06
1.06
1.06
1.04
1.04
1.05
1.04
1.06
1.08
1.04
1.05
1.07
1.05
1.05
1.04
1.06
1.05
1.05
1.04
1.06
1.07
1.05
1.05
1.05
1.04
1.05
1.03
1.06
1.04
1.05
1.05
1.04
1.06
1.05
1.06
1.05
1.07
1.05
1.04
1.05
1.04
1.05
1.05
1.05
1.04
1.04
1.05
1.05
1.06
1.06
1.05
1.06
1.07
1.06
1.06
1.06
1.05
1.04
1.05
1.06
1.05
1.05
1.05
1.06
1.06
1.05
1.04
1.05
1.05
1.06
1.05
1.06
1.04
1.05
1.05
1.05
1.03
1.05
1.05
1.06
1.06
1.06
1.04
1.05
1.04
1.04
1.04
1.05
1.04
1.06
1.06
1.05
1.05
1.06
1.04
1.05
1.05
1.06
1.06
1.06
1.04
1.04
1.05
1.06
1.04
1.06
1.05
1.05
1.05
1.04
1.05
1.05
1.06
1.06
1.05
1.05
1.06
1.06
1.05
1.05
1.07
1.04
1.04
1.05
1.05
1.05
1.05
1.05
1.06
1.03
1.05
1.05
1.06
1.05
1.06
1.05
1.04
1.05
1.05
1.06
1.04
1.06
1.05
1.04
1.06
1.06
1.04
1.04
1.05
1.05
1.04
1.05
1.05
1.05
1.06
1.06
1.05
1.05
1.06
1.06
1.06
1.05
1.04
1.04
1.06
1.05
1.04
1.04
1.06
1.07
1.07
1.05
1.06
1.04
