4.73
4.91
4.53
4.64
4.39
4.37
4.72
4.27
4.66
4.81
4.35
4.46
4.38
4.43
4.51
4.2
4.45
4.3
4.47
4.36
4.17
3.82
4.11
3.83
3.57
3.63
3.61
3.53
3.36
3.43
3.52
3.11
2.92
3.08
3.09
2.9
2.89
2.74
2.76
2.48
2.64
2.44
2.76
2.55
2.57
2.4
2.39
2.4
2.45
2.31
2.17
2.15
2.27
2.18
2.22
2.14
2.08
2.3
2.07
2.17
2.21
2.1
2.0
1.99
2.22
2.14
2.2
2.25
1.97
2.02
2.03
1.98
1.98
1.88
1.92
1.9
1.88
1.93
1.68
1.93
1.98
1.72
1.88
1.91
1.89
1.91
1.79
1.8
1.88
1.87
1.79
1.85
1.86
1.76
1.79
1.81
1.67
1.79
1.73
1.84
1.74
1.86
1.67
1.78
1.79
1.72
1.65
1.76
1.72
1.77
1.79
1.66
1.64
1.74
1.73
1.71
1.67
1.68
1.71
1.84
1.69
1.72
1.75
1.79
1.66
1.58
1.68
1.74
1.77
1.74
1.68
1.68
1.69
1.68
1.76
1.75
1.66
1.64
1.63
1.71
1.78
1.81
1.67
1.74
1.64
1.64
1.6
1.73
1.76
1.63
1.54
1.67
1.64
1.74
1.67
1.57
1.48
1.73
1.65
1.6
1.62
1.56
1.73
1.63
1.67
1.6
1.63
1.6
1.55
1.67
1.76
1.64
1.6
1.54
1.62
1.65
1.58
1.78
1.65
1.71
1.54
1.65
1.68
1.58
1.65
1.72
1.55
1.63
1.62
1.66
1.67
1.68
1.66
1.59
1.67
1.56
1.69
1.61
1.64
1.66
1.73
1.57
1.66
1.67
1.63
1.64
1.61
1.54
1.62
1.75
1.67
1.6
1.66
1.63
1.57
1.65
1.5
1.57
1.64
1.62
1.62
1.61
1.57
1.63
1.73
1.56
1.66
1.64
1.67
1.6
1.57
1.68
1.73
1.62
1.66
1.63
1.62
1.62
1.7
1.75
1.66
1.55
1.6
1.65
1.61
1.66
1.74
1.56
1.71
1.67
1.62
1.55
1.72
1.66
1.69
1.54
1.62
1.68
1.73
1.68
1.52
1.53
1.6
1.61
1.62
1.49
1.61
1.73
1.55
1.63
1.57
1.53
1.49
1.55
1.66
1.71
1.66
1.56
1.58
1.53
1.67
1.49
1.63
1.62
1.5
1.51
1.66
1.55
1.57
1.58
1.62
1.54
1.58
1.58
1.64
1.63
1.53
1.56
1.56
1.61
1.5
1.61
1.63
1.57
1.64
1.73
1.52
1.64
1.57
1.59
1.54
1.62
1.52
1.53
1.65
1.57
1.56
1.63
1.58
1.59
1.64
1.51
1.54
1.61
1.59
1.64
1.56
1.6
1.57
1.68
1.53
1.6
1.55
1.56
1.58
1.44
1.61
1.67
1.6
1.55
1.58
1.58
1.59
1.58
1.62
1.64
1.54
1.49
1.56
1.55
1.65
1.63
1.48
1.6
1.57
1.54
1.53
1.63
1.64
1.52
1.52
1.61
1.61
1.63
1.58
1.51
1.48
1.64
1.57
1.55
1.47
1.49
1.61
1.54
1.58
1.52
1.51
1.53
1.53
1.57
1.67
1.6
1.58
1.53
1.55
1.66
1.52
1.56
1.58
1.51
1.56
1.6
1.59
1.5
1.58
1.6
1.44
1.62
1.49
1.56
1.54
1.57
1.49
1.54
1.58
1.5
1.65
1.56
1.56
1.55
1.58
1.52
1.61
1.55
1.6
1.51
1.6
1.49
1.61
1.59
1.6
1.54
1.56
1.57
1.55
1.59
1.42
1.56
1.57
1.52
1.55
1.49
1.52
1.55
1.68
1.56
1.61
1.49
1.54
1.45
1.49
1.56
1.58
1.54
1.55
1.52
1.53
1.53
1.59
1.6
1.57
1.48
1.51
1.47
1.51
1.59
1.6
1.52
1.57
1.57
1.54
1.54
1.59
1.55
1.57
1.49
1.54
1.55
1.64
1.55
1.5
1.44
1.58
1.49
1.56
1.49
1.49
1.58
1.52
1.55
1.53
1.51
1.47
1.48
1.54
1.62
1.53
1.51
1.54
1.52
1.55
1.44
1.59
1.53
1.49
1.5
1.56
1.5
1.46
1.52
1.62
1.48
1.57
1.51
1.58
1.54
1.53
1.54
1.49
1.57
1.46
1.57
1.56
1.53
1.58
1.58
1.42
1.54
1.53
1.54
1.47
1.53
1.53
1.55
1.53
1.51
1.49
1.55
1.54
1.48
1.52
1.43
1.46
1.52
1.5
1.5
1.52
1.47
1.53
1.64
1.44
1.54
1.5
1.52
1.43
1.41
1.57
1.54
1.54
1.59
1.52
1.45
1.45
1.53
1.58
1.57
1.47
1.52
1.55
1.51
1.52
1.57
1.44
1.54
1.52
1.47
1.48
1.54
1.51
1.51
1.47
1.5
1.51
1.56
1.54
1.44
1.43
1.55
1.5
1.51
1.45
1.47
1.54
1.46
1.52
1.47
1.44
1.42
1.43
1.51
1.54
1.53
1.47
1.53
1.47
1.51
1.47
1.53
1.51
1.5
1.46
1.49
1.48
1.46
1.52
1.57
1.41
1.53
1.47
1.49
1.48
1.5
1.48
1.48
1.47
1.43
1.53
1.48
1.47
1.52
1.51
1.42
1.52
1.56
1.54
1.47
1.49
1.47
1.44
1.51
1.47
1.47
1.46
1.51
1.49
1.53
1.51
1.46
1.53
1.52
1.51
1.48
1.44
1.5
1.57
1.5
1.5
1.52
1.48
1.4
1.4
1.53
1.5
1.45
1.53
1.49
1.45
1.52
1.52
1.54
1.51
1.53
1.39
1.5
1.49
1.54
1.57
1.46
1.53
1.49
1.49
1.46
1.52
1.46
1.52
1.43
1.5
1.5
1.56
1.51
1.47
1.45
1.51
1.45
1.49
1.46
1.49
1.57
1.5
1.46
1.48
1.43
1.47
1.39
1.48
1.52
1.55
1.47
1.45
1.45
1.46
1.42
1.5
1.5
1.44
1.49
1.46
1.45
1.44
1.47
1.56
1.39
1.46
1.44
1.49
1.44
1.51
1.46
1.48
1.47
1.42
1.54
1.53
1.5
1.52
1.54
1.38
1.46
1.49
1.52
1.42
1.52
1.45
1.46
1.45
1.46
1.44
1.5
1.47
1.39
1.49
1.4
1.4
1.46
1.45
1.51
1.4
1.5
1.45
1.53
1.45
1.51
1.46
1.47
1.45
1.45
1.55
1.48
1.45
1.5
1.46
1.46
1.44
1.46
1.51
1.52
1.42
1.41
1.45
1.49
1.51
1.54
1.44
1.53
1.45
1.48
1.46
1.51
1.49
1.55
1.39
1.51
1.53
1.52
1.5
1.43
1.41
1.5
1.48
1.47
1.42
1.45
1.47
1.48
1.48
1.48
1.4
1.38
1.44
1.49
1.54
1.51
1.45
1.45
1.44
1.46
1.43
1.49
1.48
1.42
1.45
1.42
1.45
1.43
1.46
1.54
1.39
1.43
1.48
1.52
1.45
1.44
1.48
1.45
1.49
1.39
1.51
1.49
1.42
1.5
1.54
1.4
1.51
1.47
1.44
1.39
1.48
1.4
1.45
1.44
1.49
1.45
1.46
1.47
1.38
1.48
1.4
1.42
1.5
1.41
1.47
1.46
1.45
1.44
1.55
1.43
1.48
1.47
1.51
1.42
1.41
1.51
1.48
1.48
1.46
1.49
1.43
1.45
1.46
1.5
1.45
1.39
1.41
1.51
1.42
1.49
1.48
1.4
1.46
1.48
1.5
1.43
1.48
1.46
1.44
1.42
1.49
1.49
1.54
1.48
1.41
1.39
1.47
1.44
1.46
1.38
1.41
1.48
1.47
1.49
1.41
1.38
1.41
1.38
1.48
1.51
1.46
1.41
1.47
1.41
1.45
1.39
1.49
1.47
1.43
1.42
1.42
1.44
1.38
1.47
1.56
1.4
1.44
1.41
1.43
1.46
1.44
1.45
1.47
1.44
1.38
1.51
1.48
1.45
1.49
1.51
1.4
1.45
1.52
1.43
1.39
1.44
1.37
1.41
1.47
1.46
1.45
1.46
1.44
1.44
1.48
1.4
1.4
1.43
1.42
1.41
1.41
1.43
1.39
1.55
1.42
1.48
1.44
1.44
1.39
1.35
1.46
1.51
1.44
1.47
1.46
1.42
1.43
1.47
1.49
1.48
1.42
1.41
1.47
1.43
1.51
1.5
1.39
1.46
1.48
1.4
1.4
1.47
1.46
1.43
1.39
1.48
1.46
1.53
1.41
1.44
1.37
1.48
1.41
1.47
1.37
1.42
1.49
1.46
1.43
1.38
1.38
1.4
1.37
1.45
1.53
1.46
1.43
1.43
1.41
1.46
1.38
1.51
1.45
1.38
1.41
1.43
1.42
1.4
1.46
1.53
1.4
1.42
1.42
1.46
1.5
1.44
1.46
1.46
1.44
1.4
1.51
1.47
1.44
1.45
1.51
1.42
1.46
1.44
1.46
1.38
1.43
1.39
1.41
1.46
1.42
1.42
1.44
1.46
1.41
1.44
1.38
1.4
1.45
1.39
1.45
1.4
1.42
1.43
1.5
1.38
1.45
1.44
1.49
1.45
1.38
1.49
1.49
1.43
1.48
1.41
1.43
1.48
1.46
1.47
1.48
1.47
1.4
1.47
1.42
1.52
1.52
1.4
1.48
1.42
1.42
1.44
1.43
1.49
1.47
1.39
1.45
1.45
1.5
1.42
1.43
1.36
1.47
1.43
1.45
1.39
1.43
1.48
1.45
1.45
1.4
1.38
1.4
1.41
1.48
1.52
1.46
1.43
1.48
1.44
1.43
1.39
1.45
1.46
1.41
1.42
1.42
1.39
1.44
1.45
1.54
1.36
1.42
1.37
1.44
1.48
1.4
1.48
1.43
1.43
1.35
1.49
1.48
1.42
1.48
1.47
1.41
1.44
1.4
1.47
1.38
1.46
1.41
1.41
1.44
1.4
1.43
1.46
1.43
1.44
1.44
1.41
1.38
1.41
1.45
1.43
1.36
1.44
1.4
1.5
1.4
1.47
1.39
1.41
1.39
1.38
1.48
1.45
1.44
1.47
1.44
1.4
1.44
1.41
1.45
1.48
1.43
1.42
1.42
1.43
1.46
1.48
1.38
1.47
1.44
1.4
1.41
1.46
1.43
1.47
1.35
1.45
1.42
1.48
1.4
1.42
1.37
1.46
1.39
1.47
1.41
1.4
1.48
1.39
1.42
1.44
1.35
1.37
1.37
1.41
1.52
1.43
1.38
1.41
1.41
1.4
1.37
1.47
1.49
1.42
1.43
1.43
1.4
1.4
1.42
1.5
1.36
1.43
1.39
1.43
1.43
1.47
1.42
1.44
1.43
1.4
1.49
1.43
1.44
1.48
1.49
1.39
1.39
1.41
1.43
1.38
1.44
1.38
1.39
1.43
1.41
1.42
1.42
1.41
1.38
1.47
1.37
1.38
1.41
1.42
1.45
1.4
1.43
1.43
1.5
1.35
1.48
1.4
1.46
1.36
1.33
1.47
1.43
1.44
1.43
1.42
1.41
1.41
1.42
1.41
1.43
1.4
1.36
1.41
1.41
1.49
1.5
1.38
1.45
1.41
1.37
1.42
1.45
1.43
1.45
1.38
1.44
1.42
1.53
1.35
1.42
1.35
1.45
1.38
1.44
1.38
1.39
1.41
1.4
1.43
1.41
1.33
1.35
1.43
1.42
1.51
1.43
1.41
1.41
1.38
1.43
1.36
1.43
1.42
1.41
1.37
1.37
1.34
1.37
1.42
1.48
1.37
1.39
1.35
1.41
1.4
1.41
1.43
1.39
1.41
1.35
1.48
1.42
1.4
1.46
1.48
1.37
1.4
1.4
1.42
1.39
1.41
1.4
1.35
1.39
1.4
1.4
1.45
1.41
1.36
1.45
1.37
1.39
1.44
1.39
1.46
1.36
1.44
1.4
1.46
1.38
1.47
1.4
1.42
1.37
1.34
1.43
1.43
1.42
1.45
1.39
1.39
1.4
1.4
1.4
1.4
1.38
1.39
1.4
1.43
1.48
1.42
1.36
1.43
1.41
1.38
1.39
1.45
1.44
1.42
1.36
1.43
1.4
1.47
1.4
1.39
1.35
1.46
1.38
1.43
1.38
1.41
1.39
1.41
1.42
1.43
1.34
1.36
1.41
1.4
1.49
1.4
1.39
1.36
1.38
1.39
1.38
1.47
1.46
1.39
1.38
1.42
1.38
1.4
1.44
1.52
1.37
1.43
1.37
1.44
1.44
1.42
1.44
1.43
1.4
1.32
1.49
1.44
1.4
1.48
1.47
1.38
1.42
1.41
1.42
1.38
1.41
1.35
1.36
1.38
1.41
1.4
1.44
1.39
1.4
1.46
1.36
1.36
1.42
1.42
1.41
1.41
1.45
1.42
1.52
1.39
1.47
1.37
1.43
1.35
1.37
1.47
1.45
1.45
1.45
1.41
1.39
1.41
1.41
1.46
1.43
1.42
1.39
1.44
1.43
1.49
1.49
1.38
1.43
1.42
1.38
1.39
1.4
1.45
1.43
1.41
1.4
1.42
1.49
1.43
1.41
1.36
1.43
1.36
1.44
1.4
1.41
1.39
1.44
1.44
1.42
1.39
1.38
1.37
1.41
1.51
1.41
1.4
1.4
1.4
1.37
1.38
1.46
1.44
1.39
1.38
1.39
1.36
1.38
1.42
1.51
1.35
1.43
1.38
1.4
1.43
1.39
1.43
1.44
1.43
1.36
1.5
1.44
1.45
1.46
1.46
1.38
1.42
1.38
1.4
1.36
1.41
1.37
1.37
1.43
1.41
1.4
1.4
1.4
1.38
1.42
1.38
1.36
1.42
1.39
1.41
1.41
1.41
1.38
1.49
1.38
1.47
1.41
1.43
1.36
1.33
1.43
1.45
1.42
1.45
1.41
1.43
1.41
1.39
1.42
1.44
1.39
1.36
1.4
1.42
1.44
1.45
1.35
1.41
1.43
1.39
1.4
1.4
1.42
1.44
1.36
1.4
1.4
1.52
1.39
1.41
1.37
1.43
1.38
1.42
1.36
1.42
1.41
1.43
1.44
1.39
1.36
1.34
1.37
1.43
1.48
1.4
1.39
1.41
1.41
1.38
1.37
1.47
1.43
1.36
1.39
1.42
1.37
1.36
1.43
1.48
1.35
1.42
1.39
1.38
1.4
1.39
1.45
1.4
1.39
1.34
1.49
1.41
1.44
1.47
1.46
1.38
1.41
1.41
1.42
1.39
1.43
1.38
1.39
1.42
1.39
1.41
1.43
1.39
1.42
1.45
1.36
1.38
1.41
1.42
1.44
1.39
1.43
1.42
1.51
1.41
1.46
1.38
1.45
1.36
1.36
1.45
1.45
1.42
1.45
1.44
1.41
1.42
1.43
1.44
1.44
1.4
1.37
1.45
1.41
1.49
1.49
1.39
1.42
1.45
1.43
1.38
1.44
1.43
1.41
1.38
1.41
1.44
1.47
1.42
1.41
1.35
1.47
1.41
1.46
1.38
1.42
1.43
1.43
1.48
1.43
1.37
1.37
1.36
1.46
1.51
1.41
1.44
1.41
1.41
1.42
1.38
1.49
1.43
1.38
1.37
1.42
1.38
1.39
1.39
1.51
1.36
1.41
1.37
1.44
1.41
1.4
1.45
1.44
1.45
1.33
1.51
1.43
1.44
1.47
1.46
1.37
1.42
1.4
1.42
1.38
1.42
1.4
1.39
1.46
1.41
1.42
1.44
1.4
1.4
1.46
1.34
1.4
1.42
1.43
1.45
1.4
1.45
1.45
1.5
1.41
1.46
1.4
1.44
1.35
1.34
1.44
1.43
1.41
1.41
1.42
1.39
1.39
1.39
1.43
1.42
1.36
1.37
1.43
1.41
1.47
1.49
1.37
1.42
1.42
1.42
1.37
1.42
1.43
1.41
1.37
1.42
1.43
1.49
1.37
1.4
1.33
1.45
1.39
1.42
1.37
1.41
1.42
1.43
1.46
1.41
1.4
1.36
1.37
1.45
1.44
1.42
1.41
1.41
1.4
1.42
1.35
1.48
1.44
1.41
1.4
1.41
1.37
1.37
1.4
1.5
1.34
1.4
1.37
1.43
1.43
1.37
1.46
1.44
1.41
1.33
1.48
1.41
1.41
1.46
1.46
1.36
1.42
1.41
1.42
1.35
1.4
1.37
1.35
1.37
1.4
1.42
1.39
1.39
1.4
1.44
1.34
1.38
1.42
1.4
1.43
1.38
1.41
1.42
1.5
1.41
1.49
1.4
1.42
1.36
1.38
1.48
1.45
1.4
1.46
1.4
1.4
1.4
1.39
1.42
1.42
1.4
1.38
1.43
1.4
1.47
1.47
1.38
1.44
1.43
1.42
1.37
1.43
1.42
1.43
1.35
1.43
1.41
1.51
1.39
1.41
1.36
1.47
1.38
1.41
1.35
1.43
1.4
1.44
1.43
1.44
1.36
1.36
1.37
1.42
1.49
1.41
1.39
1.39
1.41
1.4
1.35
1.44
1.43
1.41
1.4
1.4
1.38
1.38
1.38
1.51
1.38
1.42
1.42
1.42
1.41
1.41
1.45
1.4
1.43
1.35
1.44
1.44
1.39
1.47
1.48
1.38
1.41
1.4
1.45
1.39
1.44
1.4
1.35
1.4
1.38
1.4
1.42
1.39
1.4
1.43
1.36
1.38
1.41
1.42
1.42
1.4
1.4
1.4
1.48
1.39
1.45
1.38
1.41
1.35
1.35
1.46
1.46
1.43
1.44
1.42
1.39
1.4
1.39
1.42
1.4
1.42
1.4
1.42
1.43
1.47
1.5
1.38
1.43
1.4
1.37
1.38
1.4
1.44
1.41
1.36
1.44
1.43
1.49
1.39
1.42
1.35
1.42
1.37
1.45
1.35
1.41
1.4
1.46
1.45
1.39
1.37
1.37
1.35
1.43
1.47
1.43
1.39
1.4
1.41
1.37
1.36
1.46
1.43
1.41
1.39
1.39
1.37
1.39
1.38
1.49
1.37
1.38
1.4
1.42
1.42
1.38
1.43
1.42
1.43
1.35
1.53
1.44
1.41
1.46
1.44
1.38
1.36
1.42
1.46
1.37
1.42
1.38
1.38
1.41
1.39
1.42
1.41
1.39
1.42
1.45
1.35
1.38
1.46
1.42
1.46
1.39
1.42
1.42
1.52
1.38
1.46
1.38
1.44
1.37
1.38
1.46
1.45
1.41
1.45
1.41
1.4
1.38
1.41
1.45
1.4
1.39
1.36
1.42
1.44
1.47
1.49
1.38
1.44
1.44
1.42
1.39
1.42
1.43
1.43
1.37
1.4
1.42
1.5
1.4
1.41
1.35
1.47
1.41
1.46
1.36
1.4
1.4
1.45
1.46
1.42
1.37
1.38
1.38
1.42
1.52
1.41
1.39
1.4
1.41
1.39
1.36
1.47
1.45
1.39
1.41
1.39
1.39
1.41
1.41
1.5
1.37
1.41
1.37
1.41
1.42
1.42
1.43
1.4
1.42
1.38
1.47
1.42
1.43
1.48
1.47
1.37
1.41
1.42
1.42
1.37
1.44
1.4
1.39
1.4
1.42
1.4
1.41
1.36
1.39
1.42
1.36
1.37
1.42
1.42
1.41
1.41
1.42
1.42
1.52
1.38
1.46
1.38
1.42
1.39
1.37
1.45
1.43
1.42
1.42
1.43
1.38
1.4
1.41
1.43
1.4
1.4
1.36
1.41
1.42
1.46
1.46
1.35
1.39
1.4
1.41
1.37
1.45
1.42
1.43
1.33
1.41
1.4
1.5
1.39
1.41
1.35
1.45
1.37
1.46
1.37
1.43
1.47
1.46
1.46
1.4
1.37
1.39
1.38
1.42
1.47
1.41
1.4
1.39
1.39
1.37
1.35
1.44
1.42
1.41
1.39
1.4
1.38
1.39
1.41
1.47
1.36
1.4
1.34
1.4
1.41
1.38
1.41
1.39
1.39
1.38
1.46
1.44
1.41
1.45
1.45
1.38
1.4
1.42
1.42
1.4
1.4
1.34
1.36
1.38
1.39
1.39
1.39
1.36
1.39
1.41
1.36
1.35
1.4
1.42
1.38
1.39
1.4
1.43
1.52
1.39
1.46
1.35
1.43
1.36
1.36
1.44
1.43
1.42
1.43
1.41
1.39
1.37
1.42
1.43
1.39
1.38
1.36
1.41
1.43
1.46
1.46
1.37
1.41
1.41
1.44
1.37
1.41
1.41
1.43
1.36
1.43
1.39
1.48
1.41
1.42
1.34
1.45
1.36
1.46
1.36
1.4
1.41
1.42
1.44
1.41
1.36
1.38
1.38
1.45
1.47
1.4
1.39
1.4
1.39
1.4
1.34
1.44
1.45
1.4
1.37
1.4
1.39
1.37
1.4
1.49
1.37
1.41
1.35
1.42
1.4
1.39
1.41
1.42
1.39
1.35
1.46
1.41
1.42
1.46
1.46
1.36
1.4
1.42
1.43
1.39
1.41
1.36
1.37
1.37
1.38
1.41
1.39
1.4
1.39
1.42
1.36
1.36
1.43
1.44
1.41
1.39
1.42
1.42
1.54
1.41
1.47
1.38
1.44
1.37
1.39
1.48
1.47
1.45
1.43
1.41
1.38
1.4
1.43
1.45
1.4
1.37
1.36
1.42
1.43
1.45
1.45
1.38
1.41
1.4
1.44
1.37
1.42
1.41
1.4
1.36
1.44
1.4
1.5
1.42
1.41
1.36
1.46
1.41
1.44
1.38
1.41
1.38
1.43
1.42
1.4
1.35
1.4
1.4
1.42
1.46
1.43
1.4
1.38
1.4
1.4
1.33
1.46
1.44
1.39
1.38
1.41
1.39
1.38
1.43
1.5
1.36
1.4
1.38
1.43
1.42
1.42
1.45
1.43
1.4
1.37
1.45
1.44
1.44
1.46
1.45
1.38
1.42
1.42
1.45
1.4
1.41
1.37
1.37
1.38
1.4
1.4
1.39
1.4
1.39
1.45
1.34
1.38
1.43
1.46
1.44
1.43
1.43
1.44
1.53
1.42
1.49
1.38
1.45
1.37
1.39
1.45
1.47
1.44
1.45
1.45
1.4
1.4
1.4
1.45
1.42
1.41
1.37
1.42
1.41
1.5
1.48
1.38
1.41
1.43
1.45
1.39
1.43
1.42
1.41
1.38
1.44
1.4
1.51
1.42
1.44
1.35
1.49
1.42
1.45
1.39
1.43
1.4
1.45
1.45
1.42
1.36
1.39
1.41
1.45
1.47
1.41
1.38
1.4
1.41
1.4
1.35
1.47
1.42
1.41
1.36
1.4
1.37
1.39
1.42
1.52
1.38
1.4
1.39
1.43
1.43
1.41
1.43
1.42
1.4
1.36
1.5
1.4
1.42
1.47
1.45
1.37
1.39
1.43
1.45
1.38
1.43
1.37
1.36
1.4
1.39
1.43
1.41
1.38
1.39
1.42
1.35
1.36
1.44
1.44
1.42
1.41
1.41
1.43
1.54
1.39
1.49
1.38
1.43
1.38
1.37
1.43
1.48
1.43
1.43
1.41
1.38
1.41
1.4
1.44
1.42
1.39
1.4
1.41
1.44
1.47
1.48
1.36
1.42
1.43
1.43
1.38
1.47
1.42
1.39
1.39
1.45
1.41
1.51
1.43
1.4
1.35
1.47
1.39
1.48
1.4
1.41
1.44
1.43
1.45
1.42
1.39
1.4
1.4
1.47
1.51
1.41
1.4
1.42
1.4
1.42
1.34
1.47
1.43
1.4
1.39
1.39
1.42
1.38
1.42
1.51
1.38
1.4
1.38
1.46
1.42
1.42
1.46
1.44
1.42
1.34
1.51
1.43
1.44
1.48
1.46
1.39
1.41
1.41
1.44
1.39
1.44
1.38
1.39
1.44
1.41
1.43
1.42
1.39
1.39
1.42
1.36
1.37
1.44
1.43
1.43
1.4
1.43
1.43
1.53
1.44
1.45
1.38
1.44
1.36
1.37
1.45
1.46
1.44
1.43
1.41
1.4
1.4
1.42
1.45
1.43
1.39
1.37
1.42
1.45
1.47
1.48
1.38
1.43
1.43
1.43
1.38
1.43
1.45
1.42
1.38
1.44
1.43
1.51
1.44
1.41
1.35
1.48
1.4
1.45
1.41
1.43
1.44
1.46
1.47
1.45
1.36
1.38
1.4
1.44
1.51
1.42
1.39
1.39
1.43
1.42
1.34
1.46
1.42
1.4
1.37
1.4
1.39
1.39
1.4
1.49
1.38
1.42
1.4
1.4
1.41
1.39
1.43
1.44
1.42
1.33
1.49
1.41
1.42
1.46
1.44
1.38
1.41
1.41
1.44
1.39
1.43
1.37
1.38
1.41
1.41
1.42
1.43
1.39
1.4
1.4
1.35
1.35
1.42
1.43
1.42
1.41
1.44
1.44
1.53
1.43
1.48
1.37
1.43
1.36
1.34
1.45
1.48
1.45
1.44
1.4
1.39
1.39
1.44
1.46
1.44
1.4
1.39
1.41
1.43
1.46
1.49
1.38
1.41
1.44
1.43
1.36
1.44
1.44
1.43
1.42
1.47
1.43
1.51
1.44
1.41
1.34
1.44
1.41
1.44
1.38
1.42
1.48
1.43
1.42
1.45
1.38
1.37
1.39
1.42
1.46
1.42
1.41
1.39
1.4
1.44
1.32
1.48
1.45
1.43
1.39
1.41
1.37
1.39
1.43
1.52
1.4
1.44
1.41
1.43
1.46
1.43
1.43
1.46
1.44
1.37
1.48
1.44
1.43
1.46
1.44
1.4
1.42
1.44
1.45
1.39
1.45
1.38
1.4
1.46
1.45
1.43
1.43
1.42
1.39
1.43
1.39
1.39
1.42
1.43
1.4
1.41
1.42
1.45
1.56
1.41
1.48
1.4
1.44
1.41
1.33
1.44
1.46
1.45
1.43
1.42
1.39
1.41
1.42
1.47
1.44
1.39
1.4
1.44
1.42
1.48
1.49
1.41
1.44
1.43
1.44
1.38
1.48
1.49
1.42
1.4
1.53
1.44
1.52
1.46
1.43
1.34
1.47
1.41
1.48
1.41
1.44
1.45
1.44
1.42
1.46
1.39
1.4
1.38
1.46
1.48
1.44
1.4
1.39
1.41
1.45
1.38
1.46
1.44
1.43
1.39
1.41
1.37
1.4
1.41
1.49
1.37
1.42
1.38
1.43
1.44
1.38
1.45
1.48
1.41
1.37
1.5
1.43
1.46
1.47
1.47
1.37
1.43
1.42
1.43
1.4
1.4
1.36
1.38
1.44
1.42
1.43
1.42
1.43
1.43
1.43
1.36
1.33
1.41
1.45
1.4
1.4
1.42
1.41
1.55
1.41
1.48
1.38
1.44
1.39
1.33
1.45
1.44
1.4
1.43
1.41
1.36
1.41
1.41
1.44
1.46
1.42
1.37
1.44
1.44
1.48
1.5
1.43
1.43
1.46
1.45
1.37
1.48
1.45
1.43
1.41
1.46
1.44
1.52
1.43
1.42
1.35
1.47
1.4
1.48
1.36
1.42
1.45
1.44
1.41
1.44
1.37
1.37
1.37
1.45
1.48
1.44
1.41
1.44
1.42
1.41
1.37
1.47
1.42
1.41
1.4
1.4
1.41
1.38
1.4
1.48
1.37
1.42
1.38
1.42
1.4
1.41
1.43
1.41
1.42
1.37
1.48
1.43
1.42
1.45
1.45
1.38
1.43
1.43
1.4
1.39
1.41
1.36
1.35
1.43
1.42
1.4
1.42
1.41
1.38
1.43
1.37
1.37
1.42
1.41
1.38
1.38
1.4
1.4
1.55
1.39
1.48
1.36
1.43
1.39
1.35
1.46
1.42
1.43
1.41
1.4
1.36
1.38
1.42
1.42
1.45
1.39
1.38
1.44
1.41
1.46
1.47
1.41
1.41
1.4
1.42
1.35
1.44
1.43
1.42
1.38
1.45
1.44
1.52
1.44
1.39
1.37
1.44
1.38
1.44
1.37
1.42
1.48
1.42
1.44
1.42
1.35
1.4
1.37
1.45
1.44
1.43
1.42
1.43
1.41
1.39
1.35
1.45
1.43
1.42
1.39
1.36
1.39
1.37
1.41
1.47
1.37
1.39
1.38
1.41
1.41
1.4
1.46
1.4
1.39
1.4
1.47
1.45
1.44
1.46
1.44
1.35
1.43
1.41
1.4
1.37
1.41
1.35
1.37
1.42
1.39
1.43
1.4
1.4
1.43
1.39
1.37
1.37
1.41
1.38
1.36
1.38
1.39
1.38
1.49
1.39
1.47
1.37
1.41
1.4
1.33
1.43
1.39
1.42
1.42
1.39
1.35
1.41
1.44
1.42
1.43
1.39
1.37
1.42
1.44
1.48
1.47
1.4
1.39
1.41
1.42
1.36
1.47
1.41
1.39
1.39
1.44
1.43
1.5
1.42
1.38
1.36
1.42
1.41
1.45
1.35
1.42
1.46
1.43
1.42
1.39
1.34
1.37
1.37
1.45
1.44
1.42
1.41
1.4
1.42
1.39
1.36
1.45
1.39
1.41
1.38
1.38
1.39
1.37
1.46
1.48
1.35
1.43
1.38
1.44
1.42
1.41
1.46
1.4
1.41
1.35
1.48
1.46
1.43
1.48
1.46
1.36
1.43
1.41
1.43
1.36
1.44
1.37
1.36
1.41
1.4
1.4
1.38
1.38
1.39
1.41
1.37
1.34
1.43
1.4
1.39
1.37
1.42
1.4
1.52
1.38
1.44
1.35
1.42
1.4
1.35
1.43
1.44
1.41
1.4
1.41
1.35
1.39
1.4
1.45
1.45
1.38
1.38
1.43
1.42
1.47
1.47
1.37
1.39
1.44
1.4
1.38
1.43
1.41
1.41
1.38
1.44
1.41
1.51
1.41
1.4
1.36
1.46
1.4
1.46
1.37
1.41
1.46
1.43
1.42
1.41
1.36
1.37
1.37
1.44
1.48
1.4
1.4
1.38
1.41
1.39
1.33
1.43
1.43
1.41
1.37
1.41
1.37
1.36
1.43
1.49
1.36
1.41
1.36
1.43
1.42
1.4
1.46
1.41
1.4
1.35
1.47
1.45
1.42
1.46
1.45
1.36
1.39
1.4
1.42
1.36
1.4
1.37
1.37
1.41
1.39
1.41
1.39
1.4
1.38
1.44
1.34
1.35
1.42
1.4
1.4
1.37
1.41
1.42
1.52
1.39
1.46
1.36
1.42
1.4
1.35
1.44
1.43
1.43
1.41
1.41
1.36
1.38
1.4
1.44
1.42
1.38
1.38
1.39
1.43
1.49
1.45
1.38
1.41
1.44
1.41
1.37
1.45
1.43
1.43
1.37
1.44
1.43
1.53
1.4
1.41
1.36
1.46
1.4
1.46
1.37
1.42
1.45
1.43
1.39
1.43
1.37
1.4
1.39
1.45
1.45
1.43
1.42
1.41
1.39
1.4
1.33
1.43
1.42
1.42
1.36
1.36
1.37
1.37
1.43
1.48
1.37
1.42
1.38
1.43
1.42
1.42
1.44
1.39
1.4
1.35
1.44
1.46
1.4
1.45
1.47
1.35
1.41
1.41
1.39
1.38
1.41
1.36
1.38
1.41
1.41
1.38
1.4
1.41
1.39
1.45
1.38
1.38
1.44
1.44
1.4
1.39
1.39
1.4
1.54
1.38
1.48
1.4
1.43
1.43
1.37
1.45
1.42
1.39
1.42
1.42
1.39
1.39
1.41
1.43
1.42
1.39
1.36
1.41
1.42
1.47
1.5
1.38
1.42
1.44
1.42
1.41
1.47
1.42
1.45
1.36
1.46
1.42
1.52
1.46
1.4
1.38
1.48
1.41
1.48
1.37
1.43
1.49
1.44
1.4
1.42
1.35
1.37
1.4
1.46
1.48
1.42
1.42
1.41
1.41
1.41
1.36
1.45
1.4
1.44
1.42
1.39
1.4
1.39
1.46
1.48
1.37
1.44
1.4
1.44
1.44
1.42
1.46
1.41
1.41
1.35
1.49
1.45
1.44
1.46
1.48
1.38
1.4
1.42
1.44
1.38
1.42
1.36
1.36
1.44
1.4
1.4
1.4
1.43
1.4
1.45
1.38
1.35
1.44
1.43
1.42
1.39
1.39
1.4
1.53
1.4
1.47
1.36
1.45
1.42
1.37
1.42
1.44
1.45
1.43
1.43
1.38
1.42
1.42
1.47
1.45
1.39
1.34
1.4
1.44
1.49
1.49
1.38
1.43
1.44
1.44
1.42
1.48
1.41
1.46
1.37
1.44
1.41
1.54
1.44
1.45
1.39
1.47
1.42
1.49
1.4
1.42
1.49
1.46
1.41
1.45
1.36
1.4
1.42
1.44
1.46
1.43
1.4
1.42
1.41
1.4
1.37
1.43
1.44
1.43
1.4
1.41
1.4
1.41
1.45
1.5
1.37
1.44
1.36
1.47
1.43
1.41
1.47
1.42
1.42
1.38
1.49
1.45
1.43
1.48
1.47
1.37
1.41
1.43
1.42
1.4
1.41
1.37
1.35
1.42
1.41
1.39
1.42
1.42
1.38
1.45
1.39
1.38
1.42
1.43
1.41
1.4
1.4
1.41
1.55
1.4
1.48
1.38
1.43
1.41
1.37
1.46
1.44
1.43
1.44
1.41
1.37
1.39
1.43
1.45
1.42
1.39
1.37
1.41
1.42
1.49
1.48
1.39
1.4
1.45
1.44
1.4
1.46
1.43
1.42
1.34
1.45
1.41
1.52
1.45
1.41
1.35
1.45
1.4
1.47
1.36
1.44
1.47
1.46
1.42
1.44
1.37
1.37
1.38
1.46
1.47
1.41
1.42
1.39
1.4
1.41
1.34
1.45
1.43
1.42
1.4
1.38
1.39
1.37
1.42
1.5
1.37
1.44
1.38
1.45
1.44
1.4
1.45
1.39
1.4
1.36
1.47
1.44
1.41
1.46
1.46
1.37
1.43
1.4
1.41
1.38
1.4
1.36
1.36
1.43
1.42
1.38
1.4
1.38
1.39
1.41
1.38
1.35
1.44
1.44
1.4
1.4
1.4
1.4
1.54
1.38
1.47
1.38
1.44
1.39
1.36
1.44
1.46
1.45
1.41
1.43
1.37
1.39
1.43
1.43
1.42
1.39
1.38
1.42
1.45
1.49
1.49
1.4
1.38
1.45
1.44
1.4
1.45
1.41
1.42
1.37
1.47
1.4
1.53
1.43
1.38
1.36
1.47
1.39
1.47
1.37
1.43
1.48
1.44
1.44
1.41
1.38
1.37
1.39
1.47
1.45
1.41
1.42
1.4
1.4
1.38
1.35
1.44
1.41
1.43
1.38
1.38
1.39
1.39
1.44
1.49
1.39
1.44
1.39
1.46
1.41
1.41
1.44
1.4
1.41
1.38
1.48
1.45
1.45
1.46
1.47
1.37
1.42
1.41
1.43
1.38
1.43
1.36
1.36
1.44
1.42
1.41
1.4
1.39
1.39
1.45
1.39
1.35
1.43
1.44
1.4
1.39
1.39
1.41
1.53
1.37
1.47
1.36
1.43
1.39
1.37
1.43
1.46
1.41
1.4
1.42
1.38
1.37
1.41
1.47
1.42
1.4
1.36
1.46
1.44
1.5
1.48
1.38
1.4
1.48
1.49
1.41
1.47
1.42
1.43
1.37
1.43
1.43
1.51
1.41
1.41
1.36
1.48
1.42
1.47
1.37
1.42
1.48
1.45
1.41
1.41
1.39
1.4
1.41
1.47
1.49
1.42
1.44
1.42
1.41
1.4
1.36
1.44
1.45
1.44
1.4
1.39
1.4
1.41
1.43
1.47
1.38
1.44
1.38
1.44
1.41
1.43
1.44
1.38
1.38
1.38
1.48
1.47
1.44
1.49
1.47
1.38
1.4
1.41
1.41
1.39
1.43
1.39
1.38
1.43
1.42
1.4
1.39
1.4
1.41
1.46
1.39
1.34
1.44
1.43
1.42
1.37
1.4
1.41
1.54
1.4
1.47
1.37
1.43
1.39
1.38
1.45
1.46
1.44
1.4
1.4
1.37
1.38
1.41
1.45
1.43
1.4
1.39
1.45
1.43
1.48
1.49
1.41
1.42
1.46
1.44
1.39
1.45
1.42
1.44
1.37
1.45
1.42
1.53
1.44
1.41
1.38
1.47
1.42
1.48
1.37
1.43
1.5
1.46
1.41
1.45
1.38
1.39
1.39
1.48
1.45
1.43
1.43
1.43
1.38
1.37
1.33
1.45
1.42
1.43
1.42
1.39
1.41
1.38
1.44
1.49
1.36
1.43
1.4
1.45
1.4
1.39
1.47
1.39
1.42
1.36
1.44
1.48
1.43
1.47
1.46
1.34
1.44
1.41
1.41
1.38
1.43
1.36
1.37
1.45
1.43
1.38
1.39
1.41
1.39
1.44
1.39
1.33
1.43
1.4
1.4
1.36
1.4
1.43
1.52
1.38
1.46
1.39
1.42
1.4
1.36
1.44
1.45
1.42
1.39
1.38
1.36
1.37
1.43
1.46
1.43
1.38
1.37
1.43
1.41
1.48
1.46
1.41
1.41
1.45
1.45
1.38
1.47
1.43
1.46
1.38
1.44
1.42
1.52
1.42
1.39
1.37
1.47
1.4
1.47
1.35
1.43
1.47
1.45
1.4
1.45
1.38
1.39
1.39
1.45
1.46
1.46
1.45
1.41
1.39
1.41
1.36
1.47
1.41
1.41
1.4
1.42
1.38
1.39
1.45
1.49
1.37
1.42
1.39
1.45
1.42
1.41
1.47
1.41
1.4
1.36
1.47
1.49
1.43
1.46
1.48
1.33
1.43
1.41
1.42
1.38
1.43
1.36
1.39
1.44
1.43
1.42
1.36
1.39
1.38
1.43
1.4
1.35
1.42
1.39
1.41
1.35
1.41
1.42
1.53
1.37
1.45
1.4
1.42
1.38
1.36
1.45
1.45
1.39
1.37
1.38
1.39
1.36
1.41
1.45
1.42
1.36
1.37
1.44
1.41
1.47
1.44
1.39
1.4
1.46
1.43
1.36
1.47
1.4
1.42
1.36
1.42
1.43
1.53
1.43
1.4
1.36
1.44
1.39
1.49
1.35
1.4
1.49
1.44
1.39
1.41
1.36
1.38
1.39
1.47
1.44
1.44
1.43
1.41
1.36
1.36
1.34
1.43
1.42
1.42
1.39
1.41
1.39
1.38
1.43
1.46
1.35
1.42
1.39
1.43
1.41
1.4
1.47
1.38
1.38
1.36
1.43
1.46
1.42
1.46
1.45
1.34
1.41
1.37
1.42
1.36
1.42
1.35
1.37
1.41
1.43
1.4
1.4
1.4
1.39
1.44
1.39
1.34
1.41
1.42
1.39
1.34
1.38
1.4
1.51
1.37
1.46
1.37
1.42
1.41
1.35
1.45
1.42
1.4
1.37
1.4
1.38
1.37
1.41
1.44
1.41
1.36
1.35
1.43
1.4
1.45
1.47
1.38
1.38
1.44
1.44
1.38
1.47
1.41
1.44
1.35
1.42
1.41
1.51
1.44
1.42
1.36
1.46
