20.2
20.1
19.8
20.9
19.4
19.4
21.3
19.3
16.6
17.9
17.8
19.2
19.2
17.2
18.5
16.7
18.2
16.1
16.6
16.9
16.9
15.1
17.0
16.3
16.1
14.8
14.8
15.9
14.5
13.6
13.6
12.8
13.0
12.9
11.6
10.8
10.4
9.36
8.19
8.93
8.89
7.49
7.04
6.73
6.17
6.79
6.37
6.36
6.41
5.24
5.88
5.63
5.92
5.45
5.0
5.08
4.77
4.37
4.83
4.58
3.98
3.95
4.15
4.04
3.38
3.41
3.39
3.23
3.38
2.91
2.93
2.97
2.6
3.19
2.59
2.63
2.22
2.23
2.32
2.04
2.26
1.95
1.94
2.15
1.86
1.77
1.98
1.88
1.84
2.11
1.88
1.92
1.89
1.91
1.77
1.81
1.76
1.8
1.82
1.58
1.62
1.65
1.58
1.58
1.47
1.59
1.46
1.54
1.56
1.49
1.5
1.43
1.44
1.46
1.47
1.51
1.47
1.52
1.56
1.39
1.44
1.44
1.53
1.44
1.5
1.41
1.44
1.52
1.5
1.59
1.47
1.47
1.44
1.43
1.52
1.35
1.45
1.36
1.28
1.42
1.37
1.41
1.42
1.38
1.33
1.35
1.31
1.37
1.31
1.36
1.26
1.4
1.38
1.32
1.27
1.28
1.32
1.3
1.33
1.3
1.26
1.31
1.29
1.35
1.24
1.3
1.26
1.27
1.31
1.32
1.26
1.36
1.32
1.28
1.28
1.29
1.31
1.29
1.33
1.27
1.29
1.32
1.25
1.35
1.25
1.3
1.27
1.35
1.27
1.29
1.23
1.2
1.31
1.26
1.28
1.25
1.26
1.25
1.25
1.26
1.3
1.25
1.33
1.27
1.21
1.3
1.26
1.27
1.26
1.36
1.23
1.18
1.24
1.22
1.26
1.2
1.27
1.21
1.22
1.24
1.23
1.3
1.31
1.25
1.24
1.21
1.25
1.26
1.21
1.2
1.24
1.21
1.29
1.2
1.26
1.22
1.19
1.22
1.24
1.28
1.23
1.23
1.23
1.26
1.25
1.22
1.24
1.2
1.21
1.24
1.22
1.22
1.2
1.18
1.22
1.2
1.22
1.24
1.18
1.19
1.22
1.22
1.23
1.2
1.23
1.17
1.23
1.24
1.24
1.25
1.2
1.17
1.21
1.24
1.23
1.21
1.27
1.21
1.23
1.2
1.23
1.23
1.22
1.24
1.24
1.21
1.19
1.2
1.17
1.16
1.25
1.23
1.25
1.19
1.2
1.2
1.15
1.22
1.21
1.21
1.27
1.24
1.2
1.19
1.16
1.22
1.17
1.27
1.23
1.21
1.23
1.26
1.18
1.27
1.23
1.19
1.18
1.16
1.21
1.24
1.19
1.19
1.21
1.17
1.23
1.19
1.24
1.24
1.33
1.18
1.18
1.21
1.2
1.17
1.18
1.24
1.2
1.25
1.2
1.22
1.19
1.2
1.16
1.18
1.2
1.15
1.2
1.2
1.17
1.28
1.23
1.19
1.23
1.19
1.21
1.2
1.21
1.2
1.16
1.19
1.19
1.19
1.19
1.16
1.2
1.2
1.2
1.3
1.17
1.21
1.19
1.23
1.21
1.18
1.18
1.21
1.15
1.21
1.18
1.19
1.16
1.18
1.23
1.17
1.16
1.19
1.21
1.18
1.22
1.19
1.16
1.19
1.18
1.19
1.16
1.23
1.19
1.24
1.21
1.21
1.17
1.16
1.18
1.15
1.2
1.23
1.2
1.16
1.19
1.16
1.22
1.17
1.21
1.19
1.2
1.21
1.25
1.18
1.19
1.2
1.15
1.15
1.17
1.14
1.23
1.15
1.18
1.17
1.17
1.24
1.17
1.2
1.23
1.21
1.19
1.15
1.21
1.2
1.14
1.16
1.2
1.15
1.22
1.17
1.2
1.17
1.17
1.15
1.2
1.18
1.15
1.18
1.19
1.18
1.18
1.19
1.17
1.21
1.15
1.18
1.19
1.17
1.18
1.15
1.16
1.13
1.2
1.16
1.18
1.15
1.19
1.18
1.21
1.17
1.19
1.17
1.17
1.23
1.21
1.2
1.18
1.15
1.2
1.21
1.2
1.17
1.16
1.16
1.2
1.17
1.19
1.19
1.17
1.18
1.18
1.14
1.18
1.18
1.16
1.14
1.22
1.16
1.22
1.18
1.19
1.18
1.12
1.2
1.12
1.21
1.2
1.22
1.17
1.18
1.14
1.22
1.18
1.22
1.21
1.17
1.22
1.2
1.18
1.2
1.19
1.18
1.17
1.19
1.16
1.2
1.16
1.18
1.13
1.17
1.19
1.15
1.19
1.16
1.2
1.18
1.16
1.19
1.18
1.16
1.17
1.2
1.14
1.21
1.18
1.2
1.16
1.17
1.14
1.17
1.18
1.15
1.15
1.15
1.18
1.17
1.19
1.16
1.18
1.21
1.17
1.17
1.15
1.15
1.15
1.16
1.16
1.15
1.19
1.15
1.16
1.16
1.16
1.2
1.19
1.19
1.17
1.21
1.19
1.19
1.19
1.2
1.15
1.19
1.18
1.18
1.16
1.19
1.17
1.18
1.15
1.17
1.18
1.16
1.2
1.17
1.17
1.15
1.19
1.17
1.13
1.22
1.18
1.21
1.19
1.2
1.2
1.13
1.2
1.15
1.2
1.2
1.19
1.16
1.15
1.14
1.22
1.17
1.22
1.18
1.19
1.21
1.2
1.18
1.19
1.21
1.2
1.15
1.17
1.19
1.21
1.16
1.2
1.15
1.19
1.17
1.16
1.2
1.19
1.21
1.16
1.16
1.17
1.19
1.16
1.14
1.18
1.13
1.2
1.15
1.18
1.18
1.16
1.17
1.17
1.16
1.14
1.18
1.15
1.16
1.16
1.18
1.16
1.17
1.15
1.15
1.18
1.16
1.15
1.12
1.17
1.18
1.16
1.19
1.16
1.16
1.19
1.16
1.19
1.24
1.18
1.19
1.18
1.19
1.22
1.2
1.18
1.18
1.18
1.21
1.19
1.16
1.18
1.2
1.14
1.16
1.16
1.22
1.18
1.17
1.15
1.16
1.16
1.17
1.17
1.15
1.21
1.15
1.19
1.15
1.18
1.16
1.11
1.19
1.13
1.17
1.18
1.18
1.12
1.17
1.18
1.19
1.13
1.22
1.18
1.18
1.21
1.17
1.15
1.18
1.23
1.2
1.15
1.16
1.14
1.22
1.13
1.16
1.16
1.13
1.18
1.15
1.22
1.18
1.19
1.15
1.15
1.17
1.19
1.15
1.16
1.21
1.12
1.19
1.16
1.17
1.15
1.17
1.15
1.17
1.15
1.14
1.19
1.13
1.16
1.17
1.2
1.15
1.19
1.16
1.16
1.16
1.14
1.16
1.15
1.16
1.15
1.16
1.16
1.16
1.16
1.18
1.17
1.23
1.16
1.19
1.16
1.18
1.16
1.17
1.15
1.16
1.16
1.2
1.23
1.2
1.17
1.19
1.21
1.17
1.14
1.17
1.19
1.18
1.19
1.17
1.16
1.13
1.18
1.14
1.15
1.21
1.15
1.19
1.16
1.18
1.13
1.11
1.16
1.16
1.18
1.19
1.17
1.16
1.15
1.14
1.18
1.16
1.18
1.18
1.18
1.18
1.16
1.18
1.18
1.15
1.19
1.12
1.16
1.15
1.19
1.11
1.15
1.14
1.16
1.2
1.13
1.18
1.14
1.19
1.16
1.14
1.18
1.19
1.14
1.15
1.18
1.14
1.2
1.15
1.16
1.19
1.15
1.13
1.17
1.17
1.12
1.19
1.13
1.14
1.22
1.17
1.15
1.16
1.15
1.15
1.16
1.16
1.15
1.14
1.18
1.15
1.17
1.16
1.16
1.14
1.17
1.17
1.19
1.15
1.19
1.16
1.2
1.17
1.16
1.2
1.18
1.15
1.18
1.21
1.19
1.15
1.19
1.17
1.16
1.18
1.14
1.18
1.18
1.18
1.17
1.16
1.14
1.16
1.15
1.13
1.22
1.16
1.2
1.15
1.2
1.14
1.12
1.18
1.14
1.16
1.16
1.16
1.15
1.14
1.16
1.18
1.14
1.17
1.18
1.14
1.16
1.18
1.15
1.17
1.15
1.16
1.12
1.15
1.16
1.19
1.13
1.18
1.16
1.14
1.18
1.11
1.17
1.16
1.18
1.13
1.14
1.21
1.16
1.15
1.16
1.24
1.14
1.19
1.14
1.15
1.14
1.16
1.13
1.14
1.21
1.14
1.14
1.16
1.15
1.16
1.19
1.16
1.15
1.14
1.13
1.18
1.16
1.15
1.15
1.17
1.15
1.17
1.15
1.13
1.13
1.17
1.13
1.2
1.14
1.17
1.15
1.17
1.17
1.16
1.14
1.17
1.13
1.19
1.17
1.16
1.17
1.18
1.17
1.14
1.13
1.17
1.17
1.16
1.17
1.18
1.13
1.12
1.17
1.14
1.13
1.18
1.15
1.19
1.16
1.17
1.14
1.12
1.16
1.13
1.16
1.21
1.16
1.13
1.13
1.12
1.16
1.13
1.19
1.16
1.14
1.16
1.19
1.15
1.25
1.15
1.15
1.12
1.17
1.15
1.17
1.13
1.15
1.16
1.14
1.18
1.13
1.19
1.18
1.15
1.15
1.16
1.18
1.16
1.13
1.14
1.2
1.14
1.17
1.14
1.14
1.15
1.13
1.13
1.16
1.14
1.1
1.16
1.14
1.15
1.16
1.16
1.15
1.17
1.13
1.13
1.13
1.14
1.16
1.12
1.16
1.15
1.16
1.15
1.15
1.12
1.14
1.14
1.18
1.13
1.14
1.15
1.16
1.15
1.17
1.17
1.14
1.12
1.17
1.18
1.19
1.15
1.19
1.18
1.15
1.14
1.15
1.16
1.17
1.17
1.16
1.13
1.12
1.15
1.14
1.12
1.18
1.15
1.19
1.15
1.14
1.14
1.1
1.16
1.14
1.14
1.2
1.16
1.14
1.13
1.11
1.17
1.16
1.21
1.2
1.19
1.18
1.19
1.15
1.17
1.19
1.17
1.11
1.14
1.14
1.17
1.12
1.15
1.15
1.14
1.17
1.14
1.2
1.16
1.18
1.16
1.14
1.17
1.18
1.12
1.14
1.17
1.13
1.18
1.14
1.15
1.17
1.15
1.13
1.16
1.13
1.13
1.2
1.14
1.14
1.18
1.2
1.13
1.15
1.16
1.14
1.17
1.15
1.17
1.15
1.14
1.13
1.16
1.15
1.13
1.14
1.14
1.15
1.16
1.14
1.14
1.15
1.17
1.19
1.15
1.17
1.16
1.11
1.15
1.17
1.16
1.15
1.17
1.16
1.16
1.14
1.16
1.17
1.17
1.18
1.14
1.12
1.14
1.17
1.14
1.13
1.21
1.16
1.18
1.16
1.15
1.14
1.11
1.16
1.13
1.17
1.19
1.17
1.15
1.13
1.11
1.17
1.15
1.19
1.16
1.16
1.19
1.17
1.16
1.17
1.19
1.19
1.15
1.15
1.14
1.18
1.15
1.15
1.17
1.15
1.19
1.14
1.18
1.16
1.18
1.14
1.13
1.17
1.17
1.12
1.14
1.14
1.12
1.2
1.14
1.18
1.15
1.16
1.12
1.14
1.13
1.13
1.17
1.14
1.15
1.15
1.16
1.14
1.16
1.13
1.12
1.18
1.14
1.13
1.14
1.13
1.16
1.14
1.14
1.13
1.14
1.15
1.14
1.17
1.14
1.15
1.18
1.17
1.17
1.17
1.15
1.14
1.11
1.18
1.19
1.16
1.14
1.17
1.15
1.16
1.14
1.13
1.18
1.15
1.17
1.15
1.14
1.13
1.15
1.13
1.11
1.19
1.14
1.17
1.14
1.15
1.14
1.14
1.15
1.14
1.15
1.19
1.15
1.14
1.13
1.12
1.15
1.14
1.15
1.16
1.14
1.16
1.15
1.14
1.15
1.17
1.16
1.12
1.14
1.15
1.16
1.11
1.13
1.13
1.12
1.16
1.14
1.2
1.15
1.17
1.15
1.13
1.18
1.17
1.13
1.14
1.15
1.13
1.18
1.14
1.13
1.16
1.12
1.14
1.15
1.13
1.11
1.16
1.1
1.15
1.18
1.19
1.14
1.17
1.13
1.13
1.14
1.14
1.15
1.14
1.16
1.14
1.14
1.13
1.14
1.14
1.14
1.15
1.17
1.13
1.15
1.15
1.14
1.17
1.16
1.15
1.14
1.12
1.17
1.17
1.15
1.14
1.16
1.15
1.13
1.11
1.17
1.18
1.26
1.14
1.2
1.12
1.12
1.14
1.12
1.11
1.19
1.16
1.19
1.14
1.16
1.14
1.09
1.13
1.11
1.14
1.18
1.15
1.13
1.1
1.11
1.16
1.13
1.17
1.17
1.14
1.17
1.15
1.13
1.14
1.15
1.15
1.11
1.15
1.12
1.16
1.11
1.12
1.13
1.14
1.15
1.1
1.17
1.15
1.17
1.14
1.12
1.15
1.14
1.11
1.13
1.16
1.12
1.17
1.13
1.12
1.11
1.1
1.12
1.13
1.16
1.11
1.15
1.14
1.14
1.16
1.15
1.12
1.16
1.12
1.12
1.13
1.13
1.14
1.16
1.12
1.14
1.16
1.14
1.14
1.12
1.16
1.2
1.16
1.14
1.14
1.15
1.17
1.16
1.15
1.15
1.13
1.11
1.16
1.15
1.16
1.15
1.16
1.16
1.14
1.13
1.15
1.16
1.16
1.14
1.13
1.13
1.14
1.13
1.15
1.1
1.17
1.13
1.13
1.12
1.15
1.14
1.1
1.15
1.13
1.15
1.16
1.15
1.12
1.11
1.11
1.16
1.13
1.15
1.16
1.17
1.16
1.16
1.15
1.15
1.15
1.17
1.13
1.14
1.14
1.15
1.1
1.12
1.13
1.18
1.15
1.14
1.17
1.13
1.15
1.15
1.11
1.16
1.14
1.11
1.12
1.14
1.12
1.16
1.13
1.17
1.13
1.12
1.11
1.14
1.13
1.1
1.15
1.11
1.14
1.14
1.17
1.14
1.13
1.12
1.14
1.14
1.13
1.15
1.13
1.12
1.13
1.14
1.16
1.12
1.12
1.16
1.13
1.15
1.16
1.16
1.13
1.15
1.14
1.15
1.15
1.14
1.1
1.16
1.17
1.13
1.14
1.21
1.16
1.13
1.12
1.17
1.15
1.17
1.19
1.14
1.14
1.11
1.12
1.11
1.1
1.21
1.13
1.16
1.19
1.13
1.12
1.08
1.14
1.1
1.14
1.15
1.14
1.12
1.12
1.1
1.16
1.15
1.15
1.15
1.14
1.17
1.14
1.13
1.18
1.14
1.13
1.12
1.13
1.14
1.16
1.12
1.1
1.12
1.12
1.15
1.13
1.17
1.14
1.18
1.12
1.12
1.15
1.14
1.12
1.12
1.13
1.12
1.15
1.12
1.15
1.1
1.12
1.11
1.13
1.15
1.09
1.13
1.12
1.15
1.14
1.15
1.14
1.16
1.1
1.11
1.15
1.12
1.12
1.13
1.14
1.12
1.12
1.11
1.14
1.12
1.12
1.1
1.13
1.13
1.14
1.13
1.15
1.13
1.13
1.14
1.12
1.09
1.17
1.14
1.16
1.13
1.16
1.15
1.14
1.1
1.13
1.14
1.14
1.13
1.13
1.12
1.1
1.16
1.11
1.1
1.18
1.15
1.13
1.11
1.13
1.12
1.09
1.14
1.12
1.13
1.15
1.14
1.13
1.11
1.11
1.15
1.15
1.15
1.15
1.13
1.17
1.16
1.13
1.15
1.12
1.13
1.11
1.13
1.15
1.15
1.1
1.13
1.12
1.12
1.13
1.13
1.16
1.14
1.14
1.14
1.13
1.16
1.16
1.11
1.15
1.13
1.11
1.18
1.13
1.15
1.13
1.12
1.13
1.15
1.15
1.12
1.12
1.12
1.13
1.13
1.19
1.13
1.16
1.11
1.1
1.14
1.12
1.15
1.11
1.12
1.12
1.14
1.15
1.14
1.13
1.15
1.12
1.14
1.12
1.14
1.14
1.16
1.12
1.13
1.13
1.15
1.09
1.17
1.17
1.13
1.12
1.14
1.12
1.12
1.13
1.15
1.16
1.13
1.13
1.11
1.11
1.1
1.13
1.12
1.09
1.16
1.11
1.16
1.12
1.14
1.11
1.09
1.15
1.12
1.14
1.14
1.13
1.13
1.11
1.12
1.17
1.15
1.17
1.15
1.14
1.17
1.16
1.13
1.15
1.15
1.12
1.11
1.15
1.13
1.15
1.1
1.12
1.13
1.13
1.15
1.11
1.15
1.14
1.18
1.15
1.12
1.16
1.15
1.13
1.13
1.14
1.12
1.16
1.14
1.14
1.11
1.13
1.13
1.13
1.16
1.12
1.17
1.13
1.13
1.15
1.18
1.13
1.15
1.11
1.11
1.14
1.14
1.12
1.15
1.11
1.13
1.14
1.13
1.14
1.11
1.16
1.13
1.13
1.14
1.14
1.14
1.17
1.14
1.14
1.14
1.12
1.1
1.16
1.16
1.14
1.12
1.14
1.11
1.12
1.12
1.14
1.17
1.14
1.13
1.12
1.11
1.11
1.13
1.13
1.1
1.16
1.12
1.17
1.13
1.14
1.12
1.1
1.16
1.13
1.15
1.15
1.12
1.12
1.1
1.08
1.15
1.13
1.15
1.13
1.12
1.18
1.12
1.12
1.1
1.14
1.13
1.13
1.13
1.12
1.17
1.09
1.13
1.13
1.12
1.15
1.1
1.14
1.13
1.13
1.14
1.11
1.14
1.14
1.11
1.13
1.12
1.1
1.14
1.12
1.12
1.11
1.12
1.12
1.13
1.13
1.09
1.13
1.12
1.12
1.15
1.16
1.13
1.15
1.1
1.12
1.13
1.15
1.11
1.13
1.1
1.12
1.14
1.12
1.11
1.12
1.15
1.13
1.14
1.13
1.15
1.12
1.15
1.13
1.16
1.14
1.15
1.1
1.15
1.17
1.13
1.11
1.14
1.15
1.14
1.1
1.12
1.15
1.15
1.14
1.13
1.11
1.11
1.14
1.1
1.12
1.17
1.12
1.17
1.12
1.15
1.14
1.09
1.16
1.11
1.13
1.15
1.16
1.14
1.12
1.12
1.13
1.13
1.17
1.14
1.13
1.17
1.13
1.12
1.14
1.15
1.16
1.12
1.14
1.13
1.13
1.11
1.11
1.14
1.1
1.15
1.11
1.14
1.13
1.14
1.12
1.1
1.13
1.14
1.1
1.13
1.11
1.1
1.14
1.1
1.14
1.11
1.11
1.11
1.11
1.13
1.09
1.13
1.12
1.11
1.12
1.14
1.12
1.14
1.12
1.11
1.13
1.13
1.12
1.12
1.12
1.11
1.13
1.12
1.12
1.11
1.12
1.11
1.13
1.13
1.14
1.1
1.15
1.13
1.13
1.13
1.14
1.08
1.16
1.15
1.15
1.13
1.15
1.14
1.12
1.1
1.13
1.17
1.14
1.14
1.12
1.1
1.09
1.13
1.12
1.11
1.15
1.12
1.15
1.12
1.13
1.11
1.09
1.14
1.11
1.13
1.17
1.13
1.11
1.11
1.1
1.15
1.13
1.15
1.16
1.13
1.15
1.14
1.14
1.12
1.13
1.12
1.1
1.13
1.12
1.16
1.09
1.13
1.11
1.13
1.13
1.11
1.15
1.12
1.13
1.13
1.11
1.13
1.12
1.1
1.12
1.13
1.11
1.15
1.12
1.15
1.12
1.11
1.11
1.12
1.11
1.09
1.15
1.12
1.12
1.12
1.15
1.13
1.14
1.1
1.12
1.13
1.14
1.12
1.09
1.14
1.12
1.14
1.13
1.12
1.11
1.14
1.13
1.13
1.12
1.12
1.12
1.15
1.15
1.13
1.13
1.13
1.09
1.14
1.14
1.13
1.12
1.15
1.14
1.12
1.11
1.13
1.15
1.14
1.11
1.12
1.11
1.11
1.14
1.11
1.12
1.18
1.13
1.16
1.13
1.13
1.13
1.09
1.14
1.1
1.15
1.17
1.14
1.1
1.1
1.08
1.14
1.12
1.14
1.14
1.11
1.17
1.17
1.16
1.11
1.12
1.14
1.12
1.12
1.12
1.16
1.1
1.12
1.15
1.13
1.14
1.09
1.12
1.11
1.15
1.16
1.11
1.12
1.14
1.11
1.11
1.11
1.09
1.15
1.1
1.11
1.12
1.12
1.11
1.12
1.12
1.08
1.13
1.1
1.12
1.14
1.15
1.12
1.13
1.1
1.1
1.12
1.13
1.11
1.11
1.12
1.11
1.12
1.11
1.12
1.11
1.15
1.12
1.12
1.11
1.12
1.1
1.12
1.11
1.14
1.11
1.12
1.09
1.14
1.15
1.13
1.13
1.12
1.14
1.12
1.09
1.1
1.15
1.13
1.13
1.13
1.12
1.12
1.11
1.09
1.1
1.15
1.13
1.14
1.12
1.13
1.1
1.09
1.13
1.14
1.13
1.13
1.12
1.12
1.11
1.1
1.15
1.1
1.15
1.14
1.12
1.16
1.17
1.12
1.14
1.14
1.15
1.09
1.12
1.1
1.15
1.09
1.12
1.14
1.11
1.15
1.1
1.14
1.12
1.14
1.12
1.1
1.14
1.13
1.12
1.11
1.11
1.09
1.17
1.12
1.14
1.11
1.12
1.09
1.12
1.14
1.09
1.14
1.11
1.11
1.15
1.13
1.12
1.14
1.1
1.1
1.15
1.11
1.12
1.1
1.11
1.13
1.13
1.13
1.11
1.12
1.12
1.11
1.14
1.12
1.12
1.13
1.12
1.13
1.14
1.14
1.12
1.08
1.13
1.15
1.14
1.12
1.15
1.13
1.13
1.1
1.13
1.15
1.13
1.15
1.12
1.1
1.12
1.14
1.1
1.16
1.16
1.12
1.13
1.13
1.11
1.1
1.08
1.12
1.09
1.11
1.13
1.13
1.1
1.11
1.08
1.14
1.11
1.13
1.17
1.14
1.16
1.12
1.13
1.13
1.12
1.14
1.12
1.11
1.1
1.15
1.08
1.12
1.1
1.1
1.13
1.1
1.14
1.13
1.14
1.13
1.1
1.17
1.14
1.11
1.23
1.14
1.12
1.16
1.11
1.12
1.11
1.1
1.11
1.14
1.13
1.1
1.13
1.13
1.12
1.12
1.14
1.11
1.13
1.11
1.11
1.13
1.12
1.12
1.11
1.12
1.11
1.12
1.13
1.12
1.12
1.13
1.11
1.14
1.11
1.14
1.13
1.14
1.12
1.14
1.14
1.12
1.07
1.15
1.17
1.14
1.1
1.13
1.12
1.15
1.1
1.12
1.14
1.14
1.14
1.12
1.12
1.13
1.15
1.13
1.1
1.16
1.11
1.15
1.14
1.14
1.12
1.1
1.13
1.11
1.14
1.15
1.14
1.13
1.1
1.1
1.14
1.12
1.17
1.14
1.13
1.16
1.12
1.13
1.11
1.14
1.15
1.13
1.11
1.12
1.14
1.1
1.13
1.12
1.12
1.11
1.09
1.14
1.11
1.14
1.11
1.11
1.16
1.13
1.09
1.15
1.14
1.09
1.15
1.12
1.11
1.1
1.09
1.11
1.12
1.11
1.09
1.14
1.12
1.11
1.15
1.15
1.13
1.13
1.11
1.11
1.12
1.12
1.12
1.12
1.11
1.14
1.14
1.13
1.1
1.12
1.15
1.1
1.13
1.12
1.11
1.1
1.14
1.13
1.13
1.13
1.12
1.07
1.17
1.16
1.15
1.13
1.13
1.12
1.11
1.11
1.12
1.14
1.14
1.13
1.11
1.11
1.11
1.14
1.11
1.09
1.15
1.12
1.14
1.11
1.13
1.12
1.09
1.13
1.1
1.11
1.13
1.12
1.12
1.1
1.08
1.14
1.1
1.13
1.17
1.11
1.14
1.13
1.14
1.13
1.12
1.13
1.1
1.11
1.11
1.15
1.09
1.13
1.11
1.12
1.13
1.1
1.14
1.13
1.12
1.12
1.08
1.15
1.15
1.1
1.1
1.13
1.1
1.14
1.12
1.11
1.11
1.11
1.1
1.1
1.12
1.08
1.13
1.1
1.1
1.12
1.14
1.11
1.13
1.1
1.09
1.12
1.12
1.1
1.12
1.11
1.12
1.12
1.12
1.1
1.1
1.13
1.11
1.13
1.11
1.12
1.11
1.15
1.11
1.13
1.11
1.13
1.08
1.15
1.15
1.12
1.11
1.12
1.12
1.11
1.11
1.14
1.15
1.14
1.12
1.09
1.09
1.1
1.14
1.12
1.09
1.14
1.13
1.13
1.11
1.12
1.11
1.08
1.13
1.09
1.12
1.12
1.14
1.1
1.1
1.08
1.15
1.11
1.13
1.13
1.14
1.15
1.13
1.11
1.13
1.12
1.12
1.12
1.1
1.11
1.15
1.09
1.11
1.1
1.1
1.12
1.1
1.15
1.14
1.14
