6.41
6.17
6.41
6.11
6.42
6.35
5.98
5.99
5.88
6.18
6.09
6.06
5.82
6.08
5.77
5.75
5.58
5.67
5.5
5.23
5.4
5.25
5.55
5.21
5.19
4.96
5.1
4.86
4.31
4.32
4.4
4.51
4.33
4.45
4.22
4.21
4.02
4.02
3.72
3.6
3.54
3.63
3.66
3.35
3.58
3.42
3.47
3.39
3.19
3.07
3.18
2.9
2.78
2.75
2.86
2.91
2.73
2.76
2.86
2.58
2.77
2.63
2.55
2.43
2.43
2.47
2.46
2.5
2.31
2.4
2.42
2.38
2.38
2.42
2.31
2.4
2.19
2.23
2.23
2.37
2.22
2.32
2.09
2.3
2.12
2.06
2.06
2.18
2.16
2.21
2.1
2.25
2.07
2.16
2.11
2.18
2.07
2.07
2.19
2.01
1.93
2.07
2.05
2.07
1.99
2.02
2.22
1.98
1.96
2.02
1.95
1.92
1.98
1.99
1.87
1.99
2.02
1.95
1.96
1.91
1.94
1.93
1.97
2.02
1.9
1.85
2.03
1.87
1.87
1.92
2.0
1.93
1.87
1.94
1.92
1.87
1.85
1.95
1.98
1.83
1.89
1.93
1.83
1.92
1.94
1.88
1.81
1.92
1.82
1.82
1.89
1.89
1.77
1.87
1.99
1.86
1.75
1.89
1.9
1.8
1.81
1.82
1.81
1.73
1.8
1.85
1.79
1.82
1.89
1.79
1.81
1.82
1.82
1.79
1.79
1.85
1.87
1.82
1.89
1.87
1.79
1.77
1.92
1.84
1.83
1.84
1.89
1.84
1.76
1.85
1.85
1.77
1.87
1.82
1.76
1.83
1.9
1.78
1.77
1.8
1.81
1.79
1.82
1.81
1.77
1.78
1.86
1.82
1.81
1.81
1.89
1.84
1.83
1.84
1.85
1.85
1.76
1.86
1.8
1.89
1.87
1.8
1.7
1.85
1.78
1.75
1.78
1.77
1.81
1.76
1.76
1.83
1.83
1.82
1.81
1.84
1.78
1.82
1.82
1.86
1.75
1.73
1.8
1.76
1.79
1.9
1.73
1.82
1.83
1.89
1.67
1.85
1.82
1.81
1.74
1.74
1.79
1.77
1.68
1.85
1.72
1.81
1.76
1.76
1.82
1.76
1.81
1.75
1.7
1.8
1.82
1.76
1.73
1.85
1.74
1.75
1.71
1.76
1.69
1.78
1.81
1.71
1.74
1.76
1.76
1.69
1.76
1.82
1.75
1.69
1.71
1.75
1.69
1.72
1.81
1.7
1.71
1.76
1.81
1.71
1.79
1.79
1.74
1.7
1.73
1.78
1.72
1.73
1.76
1.7
1.75
1.74
1.8
1.73
1.68
1.75
1.68
1.75
1.69
1.7
1.64
1.62
1.77
1.77
1.64
1.67
1.78
1.64
1.74
1.79
1.69
1.76
1.67
1.73
1.67
1.69
1.7
1.71
1.75
1.75
1.74
1.69
1.71
1.73
1.77
1.73
1.63
1.67
1.67
1.72
1.7
1.71
1.71
1.66
1.74
1.7
1.65
1.72
1.62
1.72
1.69
1.67
1.63
1.64
1.7
1.66
1.66
1.64
1.68
1.6
1.69
1.66
1.65
1.67
1.66
1.71
1.66
1.62
1.68
1.69
1.68
1.71
1.67
1.63
1.71
1.69
1.63
1.67
1.74
1.73
1.61
1.68
1.73
1.61
1.71
1.64
1.68
1.61
1.65
1.62
1.67
1.67
1.67
1.65
1.64
1.66
1.69
1.56
1.65
1.72
1.73
1.67
1.71
1.67
1.63
1.58
1.66
1.69
1.65
1.71
1.63
1.63
1.7
1.62
1.7
1.6
1.62
1.65
1.59
1.61
1.67
1.65
1.65
1.68
1.72
1.58
1.65
1.63
1.62
1.71
1.62
1.71
1.6
1.68
1.64
1.7
1.58
1.68
1.65
1.68
1.65
1.61
1.57
1.63
1.62
1.63
1.62
1.67
1.59
1.64
1.6
1.65
1.67
1.58
1.62
1.63
1.61
1.58
1.69
1.63
1.57
1.63
1.65
1.63
1.58
1.6
1.67
1.59
1.57
1.67
1.61
1.56
1.59
1.64
1.61
1.67
1.58
1.67
1.56
1.57
1.62
1.6
1.6
1.66
1.61
1.54
1.57
1.58
1.55
1.58
1.55
1.62
1.51
1.65
1.57
1.54
1.56
1.66
1.54
1.57
1.58
1.58
1.52
1.55
1.55
1.61
1.57
1.59
1.62
1.52
1.61
1.54
1.6
1.54
1.57
1.59
1.54
1.57
1.61
1.59
1.55
1.61
1.54
1.48
1.62
1.59
1.56
1.55
1.59
1.61
1.47
1.52
1.51
1.6
1.5
1.59
1.57
1.56
1.57
1.51
1.57
1.56
1.55
1.6
1.53
1.55
1.57
1.55
1.54
1.57
1.58
1.44
1.54
1.57
1.62
1.51
1.52
1.54
1.59
1.53
1.53
1.65
1.53
1.57
1.6
1.53
1.57
1.61
1.57
1.56
1.52
1.58
1.52
1.48
1.57
1.56
1.57
1.52
1.59
1.55
1.54
1.51
1.53
1.54
1.55
1.55
1.54
1.54
1.52
1.52
1.55
1.53
1.59
1.52
1.53
1.52
1.53
1.51
1.52
1.54
1.52
1.5
1.52
1.59
1.49
1.5
1.56
1.5
1.48
1.56
1.54
1.44
1.51
1.52
1.47
1.54
1.48
1.52
1.46
1.52
1.51
1.54
1.53
1.5
1.52
1.48
1.51
1.55
1.5
1.48
1.49
1.51
1.48
1.52
1.52
1.52
1.53
1.53
1.58
1.46
1.51
1.58
1.46
1.51
1.54
1.46
1.47
1.48
1.53
1.44
1.46
1.47
1.51
1.46
1.48
1.53
1.47
1.44
1.49
1.47
1.47
1.48
1.55
1.45
1.53
1.48
1.54
1.46
1.46
1.54
1.51
1.5
1.47
1.5
1.48
1.49
1.48
1.45
1.45
1.48
1.48
1.48
1.47
1.49
1.42
1.47
1.45
1.54
1.45
1.49
1.5
1.4
1.49
1.46
1.49
1.47
1.44
1.49
1.45
1.48
1.48
1.46
1.48
1.51
1.54
1.44
1.46
1.45
1.5
1.47
1.46
1.48
1.43
1.48
1.46
1.5
1.43
1.45
1.47
1.43
1.5
1.51
1.45
1.46
1.44
1.5
1.45
1.46
1.44
1.5
1.43
1.47
1.47
1.43
1.48
1.48
1.5
1.41
1.44
1.47
1.4
1.45
1.45
1.46
1.42
1.43
1.48
1.4
1.46
1.48
1.43
1.45
1.46
1.46
1.44
1.44
1.46
1.44
1.49
1.48
1.49
1.43
1.45
1.43
1.48
1.45
1.43
1.45
1.43
1.44
1.43
1.5
1.47
1.44
1.4
1.45
1.47
1.4
1.41
1.46
1.42
1.46
1.4
1.49
1.43
1.42
1.41
1.41
1.43
1.43
1.42
1.43
1.42
1.45
1.41
1.46
1.41
1.45
1.45
1.46
1.45
1.43
1.44
1.46
1.45
1.46
1.46
1.41
1.44
1.46
1.41
1.42
1.44
1.43
1.41
1.44
1.45
1.37
1.48
1.38
1.4
1.4
1.45
1.45
1.37
1.42
1.47
1.48
1.41
1.46
1.4
1.39
1.44
1.42
1.42
1.42
1.42
1.45
1.38
1.42
1.43
1.41
1.41
1.44
1.49
1.36
1.42
1.44
1.39
1.44
1.4
1.43
1.38
1.39
1.4
1.42
1.38
1.39
1.42
1.39
1.44
1.39
1.41
1.43
1.38
1.45
1.42
1.41
1.42
1.42
1.4
1.39
1.42
1.41
1.42
1.4
1.41
1.34
1.35
1.49
1.37
1.38
1.38
1.39
1.39
1.38
1.43
1.35
1.37
1.41
1.4
1.39
1.39
1.41
1.35
1.4
1.38
1.39
1.4
1.38
1.46
1.36
1.33
1.37
1.41
1.36
1.36
1.46
1.34
1.34
1.4
1.36
1.36
1.38
1.37
1.34
1.39
1.4
1.38
1.37
1.38
1.39
1.33
1.42
1.4
1.38
1.38
1.37
1.44
1.36
1.42
1.4
1.37
1.36
1.38
1.39
1.35
1.36
1.37
1.35
1.39
1.34
1.36
1.34
1.35
1.39
1.39
1.35
1.34
1.41
1.36
1.35
1.39
1.39
1.33
1.37
1.39
1.34
1.36
1.36
1.36
1.33
1.34
1.38
1.32
1.36
1.34
1.39
1.33
1.32
1.38
1.35
1.31
1.33
1.36
1.36
1.32
1.37
1.33
1.38
1.35
1.37
1.36
1.33
1.36
1.33
1.33
1.36
1.36
1.31
1.36
1.36
1.32
1.34
1.33
1.33
1.33
1.33
1.35
1.31
1.35
1.37
1.36
1.3
1.34
1.36
1.33
1.39
1.33
1.32
1.35
1.34
1.33
1.32
1.33
1.35
1.33
1.31
1.35
1.36
1.29
1.34
1.33
1.35
1.33
1.34
1.33
1.3
1.32
1.35
1.37
1.34
1.34
1.35
1.3
1.33
1.34
1.33
1.31
1.32
1.35
1.31
1.34
1.34
1.33
1.31
1.32
1.36
1.32
1.32
1.32
1.34
1.31
1.34
1.36
1.29
1.32
1.35
1.36
1.31
1.32
1.35
1.29
1.33
1.31
1.35
1.28
1.3
1.31
1.29
1.32
1.31
1.35
1.35
1.33
1.34
1.32
1.36
1.36
1.32
1.32
1.33
1.33
1.3
1.33
1.32
1.32
1.33
1.33
1.33
1.3
1.3
1.31
1.32
1.32
1.34
1.33
1.3
1.33
1.32
1.31
1.34
1.32
1.36
1.29
1.35
1.31
1.31
1.28
1.33
1.32
1.27
1.33
1.32
1.33
1.29
1.34
1.32
1.27
1.31
1.34
1.32
1.3
1.31
1.34
1.29
1.33
1.34
1.34
1.31
1.34
1.33
1.28
1.33
1.29
1.3
1.29
1.3
1.33
1.3
1.34
1.34
1.31
1.3
1.33
1.33
1.27
1.31
1.32
1.29
1.3
1.3
1.3
1.32
1.31
1.31
1.32
1.28
1.3
1.34
1.3
1.29
1.3
1.31
1.3
1.27
1.31
1.3
1.35
1.31
1.3
1.29
1.28
1.33
1.27
1.3
1.28
1.32
1.31
1.29
1.3
1.3
1.32
1.28
1.29
1.31
1.3
1.3
1.27
1.3
1.3
1.31
1.29
1.28
1.29
1.28
1.31
1.28
1.29
1.29
1.3
1.28
1.27
1.31
1.27
1.3
1.27
1.3
1.28
1.26
1.29
1.27
1.29
1.27
1.3
1.31
1.27
1.29
1.28
1.28
1.28
1.28
1.3
1.27
1.27
1.29
1.32
1.25
1.3
1.29
1.27
1.31
1.26
1.29
1.3
1.27
1.3
1.26
1.28
1.26
1.28
1.25
1.3
1.29
1.23
1.3
1.26
1.28
1.27
1.26
1.31
1.26
1.29
1.27
1.3
1.27
1.29
1.31
1.25
1.3
1.29
1.29
1.26
1.27
1.3
1.27
1.27
1.26
1.26
1.28
1.29
1.27
1.27
1.29
1.28
1.3
1.27
1.29
1.27
1.28
1.27
1.28
1.27
1.27
1.28
1.27
1.26
1.27
1.27
1.3
1.26
1.29
1.27
1.25
1.28
1.26
1.28
1.28
1.26
1.27
1.29
1.27
1.27
1.25
1.27
1.26
1.29
1.23
1.25
1.25
1.28
1.26
1.3
1.27
1.23
1.26
1.27
1.28
1.26
1.28
1.26
1.25
1.27
1.25
1.25
1.27
1.26
1.28
1.26
1.24
1.28
1.26
1.25
1.25
1.27
1.25
1.25
1.27
1.26
1.24
1.27
1.26
1.24
1.24
1.27
1.28
1.24
1.25
1.27
1.27
1.26
1.25
1.26
1.24
1.26
1.28
1.22
1.25
1.29
1.26
1.26
1.25
1.26
1.25
1.25
1.27
1.26
1.23
1.27
1.28
1.25
1.26
1.3
1.26
1.24
1.28
1.26
1.26
1.25
1.25
1.27
1.27
1.24
1.27
1.25
1.25
1.26
1.24
1.23
1.26
1.27
1.23
1.26
1.26
1.25
1.26
1.25
1.29
1.26
1.28
1.26
1.26
1.24
1.26
1.27
1.25
1.25
1.28
1.26
1.24
1.23
1.25
1.25
1.24
1.28
1.26
1.23
1.25
1.25
1.23
1.25
1.23
1.25
1.23
1.24
1.24
1.23
1.23
1.23
1.26
1.27
1.23
1.26
1.22
1.24
1.23
1.24
1.25
1.23
1.26
1.23
1.24
1.25
1.24
1.24
1.24
1.24
1.23
1.22
1.24
1.25
1.22
1.23
1.26
1.22
1.22
1.24
1.25
1.23
1.24
1.24
1.23
1.21
1.25
1.23
1.22
1.23
1.26
1.22
1.23
1.26
1.23
1.23
1.23
1.23
1.22
1.23
1.23
1.22
1.21
1.26
1.23
1.22
1.23
1.25
1.25
1.21
1.24
1.23
1.22
1.23
1.23
1.24
1.23
1.21
1.24
1.22
1.21
1.23
1.27
1.23
1.23
1.23
1.25
1.23
1.24
1.23
1.21
1.22
1.23
1.24
1.2
1.23
1.23
1.23
1.23
1.22
1.21
1.22
1.22
1.22
1.21
1.2
1.22
1.22
1.22
1.22
1.22
1.23
1.22
1.23
1.22
1.22
1.23
1.21
1.21
1.21
1.22
1.24
1.23
1.24
1.22
1.22
1.23
1.22
1.21
1.22
1.22
1.23
1.21
1.21
1.22
1.2
1.21
1.22
1.23
1.21
1.22
1.22
1.21
1.2
1.22
1.23
1.2
1.25
1.22
1.19
1.27
1.22
1.22
1.23
1.21
1.24
1.22
1.22
1.2
1.24
1.22
1.22
1.21
1.21
1.22
1.21
1.2
1.22
1.21
1.23
1.19
1.2
1.2
1.21
1.19
1.21
1.22
1.21
1.19
1.22
1.2
1.21
1.21
1.22
1.21
1.21
1.22
1.21
1.22
1.2
1.23
1.21
1.21
1.22
1.23
1.19
1.21
1.23
1.21
1.21
1.22
1.21
1.22
1.21
1.22
1.2
1.21
1.21
1.23
1.21
1.19
1.23
1.2
1.2
1.2
1.23
1.19
1.2
1.23
1.18
1.2
1.21
1.2
1.21
1.21
1.2
1.21
1.21
1.19
1.21
1.24
1.2
1.21
1.2
1.19
1.21
1.2
1.21
1.21
1.19
1.19
1.19
1.2
1.21
1.18
1.21
1.21
1.2
1.19
1.21
1.19
1.2
1.19
1.21
1.18
1.19
1.19
1.19
1.19
1.21
1.21
1.19
1.2
1.2
1.21
1.2
1.22
1.19
1.2
1.22
1.2
1.21
1.21
1.21
1.22
1.2
1.19
1.19
1.19
1.18
1.2
1.2
1.2
1.21
1.19
1.21
1.21
1.22
1.2
1.22
1.2
1.22
1.2
1.18
1.21
1.21
1.19
1.2
1.2
1.2
1.19
1.19
1.2
1.19
1.2
1.2
1.2
1.22
1.22
1.22
1.17
1.19
1.18
1.18
1.19
1.19
1.2
1.19
1.19
1.2
1.19
1.19
1.19
1.19
1.18
1.2
1.2
1.21
1.19
1.2
1.19
1.18
1.18
1.2
1.2
1.2
1.18
1.2
1.18
1.17
1.19
1.19
1.17
1.19
1.2
1.17
1.18
1.2
1.2
1.17
1.18
1.19
1.18
1.18
1.19
1.2
1.17
1.18
1.2
1.19
1.18
1.18
1.19
1.17
1.19
1.19
1.19
1.19
1.17
1.21
1.17
1.17
1.18
1.17
1.19
1.19
1.22
1.18
1.19
1.21
1.18
1.18
1.18
1.21
1.18
1.19
1.19
1.19
1.19
1.18
1.19
1.2
1.21
1.19
1.19
1.2
1.17
1.18
1.19
1.18
1.18
1.17
1.16
1.18
1.21
1.19
1.18
1.2
1.18
1.18
1.19
1.19
1.17
1.19
1.19
1.19
1.17
1.2
1.2
1.18
1.18
1.19
1.2
1.19
1.17
1.19
1.19
1.19
1.18
1.18
1.18
1.19
1.18
1.19
1.2
1.21
1.18
1.18
1.19
1.19
1.18
1.16
1.19
1.17
1.17
1.21
1.19
1.18
1.2
1.19
1.18
1.17
1.19
1.18
1.19
1.17
1.2
1.17
1.17
1.18
1.19
1.18
1.18
1.18
1.17
1.18
1.19
1.18
1.18
1.18
1.19
1.17
1.18
1.18
1.17
1.17
1.17
1.19
1.15
1.17
1.18
1.19
1.18
1.16
1.19
1.17
1.17
1.18
1.19
1.17
1.18
1.2
1.15
1.16
1.17
1.19
1.16
1.18
1.19
1.15
1.17
1.17
1.18
1.17
1.18
1.2
1.16
1.17
1.18
1.19
1.16
1.17
1.2
1.15
1.17
1.19
1.18
1.16
1.17
1.2
1.16
1.17
1.19
1.18
1.18
1.16
1.2
1.16
1.18
1.19
1.17
1.16
1.17
1.19
1.15
1.17
1.19
1.17
1.16
1.16
1.18
1.16
1.18
1.19
1.18
1.17
1.18
1.19
1.16
1.2
1.18
1.19
1.17
1.17
1.18
1.16
1.18
1.17
1.17
1.17
1.18
1.18
1.16
1.17
1.18
1.19
1.16
1.17
1.19
1.17
1.16
1.18
1.19
1.16
1.18
1.2
1.17
1.16
1.18
1.18
1.16
1.17
1.19
1.19
1.17
1.17
1.18
1.16
1.16
1.19
1.17
1.17
1.18
1.18
1.16
1.18
1.19
1.16
1.16
1.17
1.19
1.16
1.17
1.18
1.16
1.16
1.18
1.18
1.17
1.17
1.18
1.16
1.15
1.17
1.18
1.15
1.16
1.18
1.15
1.18
1.17
1.17
1.16
1.16
1.17
1.16
1.16
1.17
1.17
1.15
1.16
1.18
1.15
1.15
1.16
1.19
1.15
1.15
1.18
1.16
1.16
1.18
1.18
1.15
1.17
1.19
1.15
1.15
1.18
1.17
1.15
1.15
1.18
1.14
1.16
1.16
1.19
1.15
1.16
1.18
1.16
1.16
1.16
1.19
1.14
1.16
1.18
1.15
1.15
1.16
1.17
1.14
1.16
1.18
1.16
1.16
1.17
1.19
1.16
1.18
1.17
1.15
1.16
1.17
1.18
1.16
1.15
1.19
1.16
1.15
1.17
1.17
1.16
1.15
1.18
1.17
1.16
1.17
1.18
1.15
1.16
1.18
1.14
1.15
1.17
1.2
1.16
1.17
1.18
1.16
1.14
1.17
1.17
1.16
1.15
1.18
1.16
1.14
1.16
1.17
1.16
1.14
1.18
1.17
1.15
1.16
1.18
1.16
1.15
1.17
1.16
1.14
1.17
1.17
1.15
1.16
1.19
1.15
1.16
1.17
1.18
1.17
1.16
1.18
1.15
1.16
1.17
1.17
1.16
1.15
1.17
1.15
1.15
1.16
1.16
1.15
1.15
1.18
1.16
1.15
1.17
1.17
1.19
1.14
1.18
1.15
1.14
1.17
1.17
1.16
1.15
1.18
1.15
1.15
1.16
1.16
1.16
1.15
1.17
1.16
1.16
1.17
1.17
1.18
1.15
1.18
1.15
1.15
1.16
1.16
1.16
1.15
1.16
1.17
1.15
1.16
1.16
1.15
1.14
1.17
1.16
1.15
1.16
1.15
1.15
1.15
1.17
1.16
1.16
1.16
1.16
1.16
1.15
1.18
1.15
1.16
1.16
1.15
1.16
1.15
1.18
1.16
1.14
1.16
1.16
1.15
1.15
1.17
1.14
1.15
1.17
1.16
1.15
1.14
1.17
1.15
1.14
1.15
1.16
1.15
1.15
1.17
1.15
1.14
1.16
1.16
1.16
1.13
1.17
1.15
1.16
1.16
1.17
1.16
1.14
1.17
1.16
1.15
1.16
1.17
1.15
1.14
1.18
1.16
1.16
1.15
1.17
1.15
1.14
1.18
1.16
1.15
1.15
1.17
1.16
1.14
1.17
1.16
1.15
1.15
1.17
1.16
1.14
1.17
1.15
1.14
1.16
1.18
1.15
1.16
1.18
1.15
1.15
1.15
1.16
1.14
1.14
1.16
1.15
1.14
1.15
1.16
1.15
1.14
1.18
1.14
1.15
1.16
1.16
1.16
1.15
1.18
1.15
1.15
1.14
1.16
1.15
1.15
1.16
1.16
1.14
1.15
1.16
1.15
1.14
1.16
1.16
1.16
1.15
1.17
1.15
1.14
1.17
1.14
1.16
1.15
1.17
1.15
1.15
1.16
1.16
1.16
1.15
1.17
1.15
1.15
1.18
1.16
1.16
1.16
1.18
1.16
1.16
1.19
1.16
1.16
1.16
1.17
1.15
1.16
1.19
1.15
1.15
1.17
1.17
1.14
1.14
1.17
1.16
1.15
1.15
1.18
1.16
1.15
1.17
1.14
1.14
1.15
1.18
1.15
1.14
1.18
1.14
1.15
1.15
1.17
1.14
1.15
1.18
1.15
1.15
1.15
1.17
1.15
1.14
1.17
1.14
1.14
1.15
1.17
1.15
1.15
1.17
1.14
1.16
1.14
1.16
1.15
1.15
1.16
1.14
1.15
1.14
1.16
1.14
1.15
1.18
1.13
1.14
1.16
1.16
1.14
1.16
1.16
1.15
1.14
1.15
1.16
1.14
1.15
1.16
1.14
1.14
1.15
1.16
1.14
1.15
1.17
1.15
1.14
1.15
1.16
1.14
1.14
1.16
1.14
1.14
1.14
1.16
1.14
1.15
1.16
1.14
1.14
1.14
1.17
1.13
1.14
1.16
1.14
1.14
1.15
1.16
1.13
1.15
1.16
1.14
1.14
1.15
1.17
1.14
1.15
1.17
1.14
1.15
1.14
1.17
1.14
1.15
1.17
1.13
1.14
1.14
1.16
1.14
1.15
1.16
1.14
1.14
1.15
1.16
1.13
1.15
1.17
1.14
1.14
1.15
1.17
1.14
1.16
1.18
1.15
1.14
1.15
1.17
1.13
1.14
1.17
1.14
1.13
1.15
1.16
1.13
1.15
1.17
1.14
1.13
1.15
1.16
1.14
1.15
1.17
1.14
1.15
1.16
1.16
1.14
1.16
1.18
1.14
1.14
1.15
1.16
1.13
1.14
1.16
1.14
1.14
1.15
1.17
1.14
1.15
1.16
1.15
1.13
1.15
1.17
1.13
1.14
1.16
1.13
1.13
1.16
1.16
1.13
1.15
1.17
1.13
1.14
1.15
1.17
1.12
1.15
1.16
1.13
1.13
1.15
1.16
1.13
1.16
1.17
1.14
1.14
1.14
1.16
1.13
1.14
1.16
1.13
1.13
1.15
1.16
1.13
1.15
1.17
1.13
1.14
1.14
1.17
1.13
1.14
1.16
1.14
1.14
1.15
1.16
1.13
1.14
1.17
1.14
1.14
1.16
1.16
1.14
1.15
1.17
1.15
1.14
1.14
1.16
1.14
1.15
1.16
1.13
1.15
1.14
1.16
1.13
1.15
1.17
1.14
1.15
1.15
1.16
1.14
1.15
1.17
1.14
1.14
1.14
1.17
1.14
1.14
1.17
1.14
1.14
1.14
1.17
1.14
1.13
1.17
1.15
1.15
1.15
1.16
1.14
1.14
1.16
1.14
1.14
1.15
1.16
1.13
1.14
1.18
1.14
1.13
1.14
1.16
1.13
1.13
1.17
1.14
1.14
1.13
1.16
1.13
1.14
1.16
1.14
1.15
1.14
1.17
1.13
1.14
1.17
1.14
1.13
1.14
1.16
1.14
1.14
1.16
1.14
1.14
1.14
1.16
1.13
1.14
1.15
1.13
1.14
1.14
1.16
1.13
1.13
1.16
1.14
1.13
1.15
1.16
1.12
1.14
1.17
1.13
1.13
1.15
1.16
1.13
1.13
1.18
1.14
1.14
1.16
1.16
1.13
1.13
1.17
1.13
1.13
1.15
1.16
1.13
1.13
1.16
1.14
1.13
1.15
1.17
1.14
1.14
1.18
1.14
1.13
1.15
1.18
1.15
1.14
1.18
1.15
1.15
1.16
1.17
1.14
1.14
1.19
1.14
1.14
1.15
1.18
1.14
1.13
1.18
1.14
1.13
1.15
1.17
1.13
1.13
1.17
1.13
1.14
1.15
1.17
1.13
1.14
1.18
1.14
1.13
1.16
1.17
1.14
1.14
1.17
1.14
1.13
1.16
1.17
1.13
1.13
1.18
1.14
1.14
1.17
1.17
1.13
1.12
1.17
1.14
1.14
1.15
1.17
1.13
1.14
1.17
1.14
1.12
1.16
1.17
1.12
1.14
1.18
1.14
1.12
1.17
1.18
1.12
1.13
1.18
1.14
1.13
1.17
1.17
1.12
1.14
1.19
1.13
1.14
1.17
1.17
1.13
1.14
1.18
1.14
1.13
1.16
1.17
1.13
1.14
1.18
1.13
1.13
1.16
1.17
1.13
1.15
1.18
1.14
1.13
1.15
1.17
1.12
1.13
1.18
1.13
1.14
1.15
1.17
1.12
1.13
1.18
1.14
1.12
1.15
1.16
1.13
1.13
1.19
1.13
1.12
1.16
1.16
1.12
1.13
1.19
1.14
1.13
1.16
1.17
1.13
1.14
1.2
1.14
1.13
1.16
1.17
1.13
1.14
1.19
1.14
1.12
1.16
1.17
1.13
1.13
1.18
1.13
1.13
1.16
1.17
1.13
1.13
1.18
1.13
1.12
1.16
1.17
1.13
1.13
1.18
1.14
1.13
1.16
1.17
1.12
1.13
1.18
1.13
1.12
1.15
1.16
1.13
1.12
1.16
1.14
1.12
1.14
1.16
1.12
1.12
1.16
1.13
1.12
1.14
1.15
1.12
1.13
1.16
1.13
1.12
1.14
1.15
1.12
1.13
1.16
1.13
1.12
1.14
1.15
1.13
1.13
1.15
1.14
1.12
1.14
1.16
1.12
1.13
1.15
1.14
1.11
1.13
1.16
1.11
1.12
1.15
1.14
1.11
1.13
1.16
1.12
1.13
1.16
1.14
1.12
1.14
1.16
1.14
1.12
1.15
1.15
1.12
1.14
1.15
1.12
1.12
1.15
1.14
1.12
1.15
1.15
1.12
1.14
1.15
1.13
1.12
1.14
1.16
1.12
1.13
1.15
1.15
1.12
1.13
1.15
1.13
1.14
1.15
1.14
1.12
1.14
1.16
1.12
1.13
1.15
1.14
1.12
1.13
1.15
1.12
1.13
1.16
1.14
1.13
1.14
1.16
1.12
1.13
1.16
1.14
1.13
1.15
1.16
1.12
1.14
1.17
1.14
1.13
1.15
1.16
1.12
1.14
1.15
1.14
1.12
1.15
1.16
1.11
1.14
1.15
1.14
1.12
1.15
1.16
1.12
1.14
1.15
1.13
1.11
1.15
1.16
1.11
1.14
1.16
1.13
1.12
1.16
1.15
1.12
1.13
1.15
1.13
1.12
1.15
1.15
1.12
1.14
1.16
1.13
1.13
1.15
1.16
1.13
1.13
1.16
1.13
1.12
1.14
1.16
1.13
1.14
1.15
1.14
1.12
1.14
1.15
1.12
1.14
1.15
1.14
1.12
1.14
1.15
1.12
1.14
1.15
1.14
1.12
1.15
1.16
1.12
1.14
1.15
1.15
1.13
1.15
1.16
1.13
1.14
1.16
1.15
1.13
1.15
1.16
1.13
1.15
1.16
1.14
1.12
1.15
1.15
1.12
1.15
1.15
1.14
1.12
1.14
1.16
1.12
1.14
1.15
1.13
1.11
1.14
1.15
1.13
1.14
1.15
1.14
1.12
1.14
1.15
1.12
1.14
1.16
1.13
1.11
1.14
1.15
1.13
1.13
1.15
1.14
1.12
1.15
1.16
1.13
1.14
1.16
1.15
1.12
1.15
1.17
1.13
1.14
1.16
1.15
1.12
1.15
1.17
1.14
1.16
1.16
1.15
1.13
1.15
1.17
1.13
1.15
1.15
1.16
1.13
1.15
1.16
1.12
1.15
1.15
1.14
1.13
1.15
1.16
1.13
1.15
1.16
1.14
1.13
1.16
1.15
1.13
1.16
1.15
1.13
1.14
1.15
1.15
1.13
1.15
1.15
1.14
1.14
1.15
1.15
1.13
1.15
1.15
1.14
1.14
1.15
1.16
1.14
1.15
1.16
1.14
1.14
1.15
1.16
1.14
1.15
1.16
1.13
1.15
1.15
1.16
1.13
1.15
1.16
1.14
1.14
1.14
1.16
1.13
1.15
1.16
1.13
1.14
1.14
1.16
1.14
1.15
1.15
1.12
1.14
1.14
1.15
1.13
1.16
1.16
1.13
1.15
1.14
1.16
1.14
1.15
1.16
1.13
1.15
1.14
1.16
1.14
1.15
1.16
1.13
1.15
1.14
1.17
1.15
1.16
1.17
1.14
1.15
1.15
1.17
1.14
1.15
1.17
1.16
1.15
1.15
1.17
1.14
1.15
1.17
1.14
1.14
1.14
1.18
1.14
1.15
1.17
1.14
1.14
1.15
1.17
1.14
1.14
1.17
1.15
1.14
1.14
1.17
1.15
1.14
1.17
1.15
1.14
1.14
1.17
1.14
1.13
1.17
1.15
1.14
1.14
1.18
1.14
1.14
1.17
1.15
1.14
1.14
1.19
1.14
1.13
1.19
1.14
1.14
1.15
1.18
1.14
1.14
1.19
1.14
1.14
1.15
1.17
1.15
1.15
1.19
1.15
1.14
1.16
1.18
1.15
1.15
1.19
1.15
1.15
1.16
1.18
1.16
1.14
1.19
1.15
1.15
1.15
1.18
1.15
1.15
1.19
1.16
1.14
1.16
1.18
1.16
1.16
1.19
1.16
1.15
1.15
1.19
1.16
1.15
1.19
1.16
1.15
1.15
1.19
1.15
1.15
1.19
1.16
1.15
1.15
1.18
1.15
1.15
1.18
1.15
1.15
1.15
1.18
1.15
1.15
1.18
1.15
1.15
1.15
1.18
1.15
1.15
1.19
1.15
1.15
1.16
1.18
1.14
1.15
1.17
1.14
1.14
1.15
1.19
1.14
1.15
1.18
1.15
1.14
1.15
1.18
1.14
1.15
1.17
1.16
1.13
1.15
1.18
1.14
1.14
1.18
1.15
1.13
1.15
1.19
1.13
1.14
1.18
1.15
1.13
1.15
1.19
1.14
1.14
1.17
1.16
1.13
1.15
1.19
1.14
1.16
1.19
1.15
1.13
1.15
1.2
1.14
1.15
1.19
1.16
1.14
1.16
1.2
1.14
1.16
1.19
1.16
1.13
1.17
1.2
1.14
1.15
1.19
1.16
1.13
1.16
1.19
1.14
1.15
1.18
1.16
1.13
1.16
1.19
1.13
1.15
1.18
1.15
1.13
1.16
1.19
1.13
1.15
1.19
1.14
1.13
1.15
1.18
1.13
1.15
1.18
1.14
1.13
1.15
1.18
1.13
1.15
1.18
1.14
1.12
1.15
1.18
1.13
1.15
1.18
1.15
1.13
1.15
1.19
1.13
1.15
1.18
1.15
1.13
1.15
1.18
1.13
1.15
1.18
1.15
1.13
1.16
1.19
1.13
1.15
1.18
1.15
1.13
1.15
1.18
1.13
1.15
1.17
1.15
1.13
1.15
1.18
1.13
1.16
1.17
1.15
1.13
1.15
1.18
1.14
1.15
1.18
1.16
1.13
1.15
1.18
1.13
1.15
1.18
1.15
1.13
1.16
1.18
1.13
1.15
1.17
1.15
1.13
1.16
1.17
1.12
1.15
1.17
1.15
1.12
1.16
1.17
1.12
1.15
1.17
1.15
1.12
1.16
1.17
1.13
1.15
1.18
1.15
1.12
1.16
1.18
1.13
1.15
1.18
1.15
1.12
1.15
1.18
1.13
1.15
1.18
1.16
1.13
1.15
1.19
1.14
1.15
1.18
1.16
1.13
1.16
1.19
1.13
1.15
1.19
1.16
1.13
1.17
1.19
1.14
1.16
1.18
1.17
1.14
1.17
1.19
1.13
1.15
1.18
1.16
1.13
1.16
1.19
1.13
1.15
1.17
1.16
1.12
1.16
1.18
1.13
1.15
1.17
1.16
1.13
1.16
1.18
1.13
1.15
1.17
1.16
1.13
1.16
1.18
1.13
1.15
1.17
1.16
1.14
1.16
1.19
1.13
1.15
1.18
1.16
1.14
1.15
1.18
1.13
1.15
1.17
1.16
1.14
1.16
1.18
1.13
1.16
1.17
1.16
1.14
1.15
1.19
1.14
1.14
1.17
1.16
1.14
1.15
1.18
1.14
1.14
1.18
1.16
1.14
1.15
1.19
1.14
1.15
1.18
1.16
1.14
1.15
1.19
1.14
1.14
1.18
1.15
1.15
1.15
1.19
1.14
1.15
1.18
1.15
1.15
1.15
1.19
1.14
1.15
1.18
1.16
1.15
1.15
1.18
1.14
1.15
1.18
1.15
1.15
1.15
1.19
1.14
1.17
1.18
1.15
1.14
1.16
1.18
1.14
1.16
1.18
1.16
1.14
1.16
1.19
1.14
1.15
1.18
1.17
1.14
1.16
1.19
1.14
1.15
1.18
1.17
1.14
1.16
1.2
1.13
1.15
1.18
1.17
1.14
1.16
1.2
1.14
1.15
1.18
1.16
1.14
1.17
1.19
1.14
1.16
1.18
1.16
1.14
1.18
1.18
1.14
1.16
1.18
1.16
1.14
1.17
1.18
1.14
1.16
1.18
1.16
1.14
1.16
1.18
1.14
1.16
1.18
1.17
1.14
1.16
1.19
1.14
1.15
1.17
1.16
1.14
1.15
1.18
1.14
1.16
1.17
1.16
1.14
1.15
1.18
1.13
1.15
1.16
1.15
1.14
1.16
1.18
1.13
1.15
1.16
1.15
1.13
1.15
1.17
1.13
1.15
1.16
1.15
1.14
1.15
1.17
1.13
1.15
1.17
1.15
1.14
1.15
1.17
1.13
1.15
1.16
1.14
1.15
1.15
1.17
1.13
1.15
1.17
1.15
1.15
1.15
1.18
1.13
1.16
1.17
1.15
1.15
1.15
1.18
1.13
1.15
1.17
1.15
1.15
1.16
1.19
1.14
1.17
1.17
1.16
1.16
1.17
1.18
1.14
1.18
1.17
1.15
1.16
1.16
1.18
1.14
1.17
1.17
1.15
1.16
1.16
1.18
1.14
1.17
1.18
1.16
1.16
1.17
1.19
1.15
1.16
1.18
1.16
1.16
1.17
1.19
1.15
1.17
1.19
1.16
1.15
1.18
1.19
1.15
1.17
1.19
1.16
1.16
1.17
1.19
1.14
1.17
1.18
1.16
1.16
1.18
1.18
1.14
1.17
1.18
1.16
1.15
1.17
1.19
1.15
1.16
1.18
1.16
1.14
1.17
1.19
1.14
1.17
1.18
1.15
1.15
1.16
1.19
1.14
1.16
1.17
1.16
1.15
1.16
1.19
1.13
1.16
1.17
1.16
1.15
1.15
1.18
1.14
1.16
1.16
1.16
1.16
1.15
1.19
1.14
1.16
1.17
1.16
1.16
1.16
1.19
1.14
1.17
1.16
1.15
1.15
1.16
1.19
1.14
1.17
1.17
1.16
1.16
1.16
1.19
1.14
1.16
1.17
1.16
1.16
1.16
1.18
1.14
1.16
1.16
1.15
1.15
1.15
1.18
1.13
1.16
1.16
1.15
1.14
1.15
1.17
1.13
1.16
1.15
1.15
1.15
1.16
1.17
1.13
1.15
1.16
1.14
1.14
1.15
1.17
1.13
1.15
1.16
1.15
1.14
1.16
1.17
1.14
1.15
1.17
1.15
1.14
1.16
1.17
1.14
1.15
1.16
1.16
1.15
1.16
1.17
1.14
1.16
1.17
1.16
1.15
1.16
1.17
1.15
1.16
1.17
1.16
1.15
1.16
1.18
1.15
1.16
1.17
1.16
1.15
1.17
1.18
1.15
1.16
1.18
1.17
1.16
1.18
1.18
1.16
1.16
1.17
1.16
1.15
1.17
1.18
1.15
1.16
1.18
1.16
1.15
1.17
1.18
1.15
1.16
1.17
1.17
1.15
1.17
1.18
1.14
1.15
1.17
1.16
1.15
1.17
1.18
1.15
1.16
1.17
1.16
1.15
1.16
1.18
1.14
1.15
1.17
1.16
1.15
1.17
1.18
1.14
1.16
1.18
1.17
1.14
1.17
1.18
1.14
1.15
1.18
1.17
1.14
1.17
1.18
1.14
1.15
1.18
1.16
1.15
1.17
1.18
1.15
1.15
1.18
1.16
1.15
1.17
1.19
1.15
1.15
1.18
1.17
1.15
1.18
1.19
1.15
1.16
1.19
1.18
1.15
1.19
1.2
1.15
1.16
1.2
1.19
1.15
1.2
1.2
1.16
1.17
1.2
1.18
1.16
1.2
1.2
1.17
1.17
1.21
1.19
1.17
1.19
1.2
1.17
1.17
1.2
1.18
1.17
1.19
1.2
1.17
1.18
1.2
1.18
1.17
1.19
1.21
1.17
1.18
1.21
1.18
1.17
1.19
1.2
1.16
1.18
1.2
1.17
1.17
1.19
1.19
1.15
1.17
1.19
1.17
1.16
1.18
1.18
1.15
1.17
1.19
1.16
1.16
1.18
1.19
1.15
1.17
1.19
1.17
1.16
1.18
1.19
1.15
1.17
1.19
1.16
1.15
1.18
1.19
1.15
1.16
1.19
1.17
1.15
1.17
1.19
1.14
1.17
1.2
1.16
1.15
1.19
1.2
1.15
1.17
1.2
1.16
1.14
1.18
1.19
1.14
1.17
1.2
1.16
1.14
1.18
1.19
1.14
1.17
1.19
1.15
1.14
1.18
1.19
1.14
1.17
1.19
1.15
1.15
1.18
1.18
1.14
1.17
1.2
1.15
1.15
1.18
1.18
1.14
1.17
1.19
1.15
1.15
1.18
1.18
1.14
1.16
1.2
1.15
1.15
1.18
1.18
1.14
1.16
1.2
1.15
1.16
1.18
1.19
1.15
1.17
1.21
1.16
1.16
1.18
1.2
1.15
1.17
1.21
1.15
1.16
1.18
1.19
1.15
1.17
1.21
1.15
1.16
1.18
1.19
1.14
1.17
1.21
1.15
1.16
1.18
1.18
1.15
1.17
1.2
1.15
1.16
1.18
1.18
1.15
1.17
1.19
1.16
1.16
1.18
1.18
1.14
1.17
1.19
1.15
1.16
1.17
1.18
1.15
1.16
1.19
1.14
1.16
1.17
1.18
1.14
1.16
1.19
1.15
1.15
1.17
1.18
1.14
1.16
1.2
1.14
1.16
1.18
1.19
1.14
1.17
1.2
1.15
1.16
1.18
1.19
1.15
1.17
1.21
1.15
1.16
1.18
1.19
1.15
1.17
1.21
1.15
1.16
1.18
1.19
1.15
1.17
1.2
1.15
1.16
1.18
1.19
1.15
1.17
1.21
1.15
1.16
1.18
1.19
1.14
1.17
1.21
1.15
1.16
1.18
1.19
1.14
1.17
1.21
1.15
1.16
1.18
1.19
1.14
1.16
1.21
1.15
1.15
1.18
1.19
1.15
1.17
1.22
1.16
1.16
1.19
1.2
1.15
1.17
1.21
1.15
1.16
1.18
1.19
1.14
1.17
1.21
1.15
1.15
1.19
1.19
1.14
1.17
1.21
1.15
1.16
1.18
1.19
1.14
1.17
1.21
1.15
1.16
1.18
1.19
1.15
1.17
1.2
1.15
1.16
1.17
1.19
1.15
1.17
1.2
1.15
1.17
1.17
1.19
1.14
1.18
1.19
1.15
1.17
1.17
1.18
1.14
1.17
1.19
1.15
1.16
1.17
1.19
1.14
1.17
1.19
1.15
1.16
1.17
1.19
1.14
1.18
1.19
1.15
1.16
1.17
1.19
1.15
1.18
1.2
1.15
1.17
1.17
1.19
1.15
1.18
1.19
1.15
1.17
1.17
1.19
1.15
1.17
1.2
1.15
1.16
1.17
1.2
1.14
1.17
1.19
1.15
1.16
1.17
1.19
1.14
1.17
1.2
1.15
1.16
1.17
1.19
1.14
1.17
1.19
1.18
1.16
1.16
1.19
1.14
1.17
1.19
1.16
1.17
1.17
1.19
1.15
1.17
1.19
1.16
1.16
1.17
1.22
1.15
1.17
1.2
1.16
1.16
1.17
1.2
1.14
1.18
1.2
1.15
1.17
1.17
1.2
1.14
1.18
1.2
1.15
1.17
1.17
1.2
1.14
1.18
1.2
1.16
1.17
1.17
1.2
1.14
1.18
1.19
1.16
1.17
1.18
1.2
1.14
1.17
1.19
1.16
1.16
1.18
1.2
1.14
1.18
1.2
1.17
1.17
1.19
1.2
1.15
1.18
1.2
1.16
1.17
1.19
1.2
1.15
1.19
1.19
1.16
1.17
1.18
1.19
1.15
1.19
1.19
1.16
1.17
1.19
1.19
1.16
1.19
1.19
1.17
1.17
1.18
1.19
1.15
1.18
1.18
1.17
1.17
1.18
1.19
1.15
1.19
1.19
1.17
1.17
1.19
1.2
1.16
1.19
1.19
1.17
1.17
1.19
1.2
1.16
1.19
1.2
1.17
1.18
1.19
1.19
1.16
1.19
1.19
1.17
1.18
1.19
1.19
1.16
1.19
1.19
1.17
1.18
1.19
1.19
1.17
1.2
1.19
1.18
1.18
1.19
1.2
1.17
1.2
1.19
1.18
1.17
1.19
1.19
1.17
1.19
1.19
1.17
1.18
1.19
1.19
1.17
1.19
1.19
1.18
1.18
1.19
1.19
1.17
1.19
1.19
1.17
1.17
1.19
1.19
1.17
1.19
1.19
1.17
1.17
1.19
1.19
1.16
1.19
1.19
1.17
1.17
1.19
1.19
1.16
1.19
1.19
1.17
1.17
1.18
1.19
1.16
1.18
1.19
1.17
1.17
1.19
1.19
1.16
1.19
1.2
1.16
1.17
1.19
1.19
1.15
1.19
1.19
1.16
1.17
1.19
1.18
1.15
1.19
1.19
1.15
1.17
1.18
1.18
1.15
1.18
1.19
1.16
1.18
1.18
1.18
1.16
1.18
1.18
1.15
1.18
1.18
1.17
1.16
1.18
1.18
1.15
1.18
1.18
1.17
1.16
1.18
1.18
1.16
1.18
1.18
1.18
1.16
1.18
1.19
1.16
1.18
1.18
1.18
1.16
1.18
1.19
1.16
1.18
1.19
1.18
1.15
1.18
1.19
1.16
1.18
1.18
1.18
1.15
1.19
1.19
1.16
1.18
1.19
1.19
1.15
1.19
1.2
1.16
1.19
1.18
1.19
1.15
1.19
1.2
1.16
1.18
1.19
1.2
1.16
1.19
1.2
1.16
1.19
1.18
1.19
1.16
1.19
1.2
1.16
1.19
1.19
1.2
1.16
1.2
1.2
1.16
1.19
1.19
1.2
1.16
1.19
1.2
1.16
1.19
1.18
1.19
1.16
1.18
1.2
1.16
1.18
1.17
1.19
1.16
1.18
1.19
1.16
1.18
1.18
1.19
1.16
1.18
1.19
1.16
1.18
1.18
1.19
1.16
1.18
1.19
1.16
1.18
1.17
1.19
1.15
1.18
1.19
1.16
1.17
1.16
1.19
1.15
1.17
1.19
1.16
1.17
1.17
1.19
1.15
1.18
1.18
1.17
1.17
1.17
1.2
1.16
1.18
1.18
1.17
1.18
1.17
1.2
1.17
1.18
1.18
1.17
1.18
1.16
1.2
1.17
1.18
1.18
1.18
1.18
1.17
1.21
1.18
1.19
1.19
1.2
1.19
1.18
1.22
1.19
1.19
1.2
1.2
1.19
1.18
1.22
1.19
1.18
1.2
1.2
1.19
1.18
1.22
1.19
1.19
1.2
1.2
1.19
1.19
1.22
1.18
1.19
1.2
1.19
1.19
1.19
1.22
1.19
1.19
1.2
1.2
1.19
1.18
1.2
1.18
1.19
1.19
1.18
1.18
1.17
1.2
1.17
1.18
1.18
1.18
1.18
1.17
1.2
1.18
1.19
1.19
1.19
1.19
1.18
1.21
1.18
1.19
1.2
1.18
1.19
1.19
1.21
1.19
1.19
1.2
1.19
1.19
1.19
1.21
1.18
1.19
1.2
1.18
1.19
1.18
1.21
1.18
1.2
1.2
1.18
1.19
1.18
1.2
1.18
1.19
1.21
1.19
1.19
1.19
1.22
1.18
1.19
1.21
1.19
1.19
1.2
1.22
1.18
1.2
1.21
1.19
1.19
1.19
1.22
1.18
1.19
1.21
1.19
1.19
1.19
1.22
1.17
1.19
1.21
1.18
1.18
1.18
1.22
1.18
1.19
1.2
1.18
1.19
1.18
1.23
1.18
1.19
1.21
1.2
1.19
1.19
1.23
1.17
1.19
1.22
1.19
1.19
1.18
1.22
1.18
1.19
1.21
1.18
1.19
1.18
1.21
1.17
1.19
1.2
1.18
1.19
1.17
1.21
1.17
1.18
1.2
1.18
1.19
1.17
1.21
1.17
1.19
1.2
1.18
1.2
1.18
1.22
1.17
1.2
1.21
1.17
1.2
1.19
1.22
1.17
1.19
1.21
1.17
1.19
1.18
1.22
1.17
1.18
1.21
1.18
1.19
1.19
1.23
1.17
1.19
1.21
1.17
1.2
1.19
1.22
1.17
1.19
1.22
1.18
1.19
1.19
1.22
1.17
1.19
1.21
1.18
1.19
1.18
1.21
1.17
1.18
1.2
1.17
1.18
1.18
1.21
1.17
1.18
1.2
1.18
1.18
1.18
1.21
1.17
1.18
1.2
1.17
1.19
1.17
1.2
1.17
1.18
1.19
1.17
1.19
1.17
1.2
1.16
1.18
1.19
1.17
1.19
1.17
1.2
1.17
1.19
1.19
1.17
1.19
1.17
1.2
1.17
1.19
1.2
1.17
1.19
1.17
1.21
1.17
1.18
1.19
1.17
1.19
1.17
1.2
1.17
1.19
1.19
1.17
1.19
1.17
1.19
1.17
1.18
1.19
1.16
1.18
1.17
1.19
1.16
1.18
1.19
1.16
1.18
1.16
1.19
1.16
1.18
1.18
1.15
1.18
1.17
1.19
1.15
1.18
1.19
1.16
1.18
1.17
1.19
1.16
1.17
1.19
1.15
1.18
1.17
1.19
1.15
1.18
1.19
1.16
1.18
1.17
1.2
1.16
1.17
1.19
1.16
1.18
1.17
1.2
1.16
1.18
1.19
1.16
1.18
1.17
1.2
1.16
1.18
1.2
1.17
1.19
1.18
1.2
1.16
1.18
1.2
1.16
1.18
1.18
1.21
1.17
1.18
1.21
1.17
1.19
1.18
1.21
1.17
1.2
1.21
1.17
1.19
1.19
1.22
1.18
1.2
1.22
1.18
1.19
1.19
1.22
1.18
1.2
1.21
1.18
1.2
1.19
1.22
1.18
1.2
1.22
1.19
1.2
1.2
1.23
1.19
1.2
1.23
1.2
1.2
1.2
1.23
1.19
1.2
1.23
1.19
1.21
1.2
1.23
1.19
1.2
1.23
1.18
1.21
1.19
1.22
1.18
1.19
1.23
1.18
1.21
1.2
1.22
1.19
1.2
1.23
1.19
1.21
1.2
1.22
1.2
1.21
1.23
1.19
1.21
1.21
1.23
1.19
1.21
1.24
1.19
1.21
1.21
1.24
1.2
1.2
1.24
1.19
1.21
1.21
1.24
1.2
1.2
1.24
1.2
1.21
1.21
1.23
1.2
1.2
1.24
1.2
1.2
1.21
1.24
1.2
1.2
1.25
1.2
1.2
1.21
1.24
1.2
1.2
1.24
1.2
1.2
1.2
1.22
1.2
1.19
1.24
1.19
1.2
1.2
1.22
1.2
1.19
1.23
1.19
1.2
1.2
1.23
1.2
1.19
1.24
1.2
1.2
1.21
1.24
1.2
1.19
1.23
1.2
1.21
1.2
1.24
1.2
1.21
1.24
1.2
1.21
1.21
1.24
1.19
1.21
1.23
1.2
1.21
1.21
1.25
1.21
1.21
1.23
1.21
1.21
1.21
1.24
1.2
1.2
1.23
1.21
1.21
1.2
1.24
1.21
1.2
1.23
1.21
1.22
1.2
1.24
1.22
1.2
1.23
1.21
1.22
1.2
1.25
1.22
1.19
1.23
1.21
1.22
1.2
1.24
1.22
1.2
1.23
1.22
1.21
1.19
1.24
1.21
1.2
1.22
1.21
1.21
1.2
1.24
1.2
1.19
1.22
1.2
1.21
1.2
1.22
1.21
1.19
1.22
1.2
1.21
1.19
1.24
1.21
1.19
1.23
1.2
1.2
1.2
1.24
1.21
1.19
1.22
1.2
1.21
1.19
1.22
1.21
1.19
1.23
1.21
1.21
1.2
1.23
1.21
1.19
1.23
1.2
1.21
1.2
1.22
1.21
1.19
1.23
1.2
1.21
1.2
1.22
1.21
1.19
1.23
1.19
1.22
1.2
1.23
1.22
1.19
1.22
1.2
1.22
1.2
1.22
1.21
1.2
1.22
1.19
1.22
1.2
1.23
1.21
1.2
1.23
1.21
1.23
1.2
1.24
1.22
1.2
1.24
1.2
1.24
1.2
1.23
1.25
1.2
1.24
1.2
1.23
1.21
1.23
1.23
1.2
1.24
1.2
1.23
1.2
1.23
1.23
1.2
1.23
1.2
1.24
1.2
1.23
1.22
1.2
1.23
1.19
1.23
1.19
1.23
1.21
1.2
1.22
1.2
1.23
1.2
1.24
1.23
1.2
1.23
1.2
1.24
1.19
1.22
1.22
1.2
1.23
1.21
1.23
1.19
1.22
1.22
1.2
1.22
1.21
1.23
1.19
1.23
1.24
1.2
1.23
1.2
1.22
1.2
1.21
1.22
1.2
1.22
1.2
1.21
1.21
1.21
1.21
1.2
1.22
1.21
1.21
1.2
1.21
1.22
1.19
1.21
1.2
1.2
1.21
1.21
1.21
1.2
1.21
1.21
1.21
1.2
1.23
1.21
1.2
1.21
1.21
1.22
1.21
1.22
1.22
1.22
1.22
1.2
1.22
1.21
1.22
1.22
1.22
1.22
1.21
1.22
1.22
1.23
1.22
1.22
1.22
1.21
1.23
1.24
1.23
1.23
1.23
1.22
1.22
1.21
1.23
1.22
1.22
1.21
1.22
1.22
1.21
1.22
1.23
1.22
1.21
1.23
1.22
1.22
1.21
1.22
1.23
1.21
1.24
1.22
1.22
1.21
1.22
1.23
1.21
1.23
1.23
1.23
1.21
1.22
1.23
1.21
1.23
1.22
1.21
1.21
1.22
1.23
1.21
1.23
1.21
1.21
1.22
1.23
1.22
1.21
1.23
1.22
1.22
1.22
1.22
1.22
1.21
1.23
1.21
1.22
1.23
1.22
1.23
1.22
1.23
1.21
1.22
1.22
1.22
1.22
1.22
1.22
1.21
1.22
1.23
1.21
1.22
1.22
1.22
1.2
1.23
1.22
1.21
1.22
1.23
1.23
1.2
1.22
1.23
1.22
1.21
1.22
1.23
1.2
1.22
1.23
1.23
1.21
1.22
1.23
1.2
1.22
1.23
1.22
1.21
1.22
1.23
1.2
1.22
1.23
1.21
1.21
1.23
1.23
1.2
1.22
1.23
1.21
1.21
1.22
1.23
1.2
1.21
1.23
1.21
1.21
1.22
1.23
1.2
1.21
1.24
1.21
1.21
1.22
1.23
1.2
1.22
1.23
1.22
1.21
1.22
1.23
1.23
1.22
1.24
1.22
1.22
1.25
1.24
1.2
1.21
1.23
1.22
1.21
1.23
1.23
1.2
1.22
1.23
1.23
1.22
1.22
1.24
1.2
1.21
1.23
1.22
1.21
1.21
1.23
1.19
1.21
1.21
1.22
1.21
1.21
1.23
1.19
1.21
1.22
1.22
1.19
1.21
1.23
1.19
1.21
1.22
1.23
1.2
1.21
1.24
1.2
1.21
1.22
1.23
1.2
1.21
1.23
1.2
1.2
1.21
1.23
1.2
1.21
1.23
1.2
1.21
1.22
1.23
1.2
1.21
1.23
1.21
1.21
1.22
1.23
1.2
1.21
1.24
1.2
1.21
1.22
1.23
1.2
1.21
1.23
1.19
1.21
1.22
1.22
1.19
1.2
1.23
1.2
1.2
1.21
1.22
1.21
1.2
1.23
1.19
1.21
1.21
1.22
1.2
1.2
1.23
1.2
1.21
1.21
1.22
1.2
1.2
1.23
1.19
1.21
1.21
1.22
1.2
1.2
1.24
1.19
1.2
1.21
1.22
1.2
1.2
1.23
1.19
1.2
1.22
1.22
1.2
1.21
1.23
1.19
1.21
1.23
1.22
1.21
1.21
1.24
1.2
1.22
1.22
1.22
1.21
1.21
1.24
1.2
1.21
1.22
1.22
1.21
1.21
1.24
1.2
1.21
1.22
1.22
1.21
1.21
1.24
1.2
1.21
1.22
1.22
1.21
1.21
1.23
1.19
1.21
1.22
1.22
1.21
1.2
1.23
1.2
1.2
1.21
1.21
1.21
1.2
1.23
1.19
1.21
1.21
1.22
1.21
1.21
1.23
1.19
1.21
1.21
1.22
1.21
1.21
1.23
1.19
1.21
1.22
1.23
1.2
1.21
1.23
1.2
1.21
1.21
1.21
1.2
1.2
1.22
1.22
1.2
1.21
1.22
1.19
1.2
1.24
1.19
1.21
1.22
1.21
1.19
1.21
1.22
1.19
1.21
1.22
1.22
1.2
1.21
1.22
1.19
1.21
1.23
1.22
1.21
1.21
1.23
1.2
1.21
1.22
1.22
1.21
1.21
1.22
1.2
1.21
1.22
1.22
1.2
1.21
1.22
1.2
1.21
1.22
1.23
1.21
1.21
1.24
1.2
1.21
1.22
1.22
1.21
1.21
1.23
1.2
1.21
1.22
1.22
1.21
1.21
1.23
1.2
1.21
1.23
1.23
1.21
1.22
1.23
1.2
1.21
1.22
1.23
1.2
1.21
1.22
1.2
1.2
1.22
1.23
1.21
1.2
1.23
1.2
1.21
1.22
1.23
1.21
1.21
1.23
1.19
1.21
1.22
1.23
1.21
1.21
1.24
1.2
1.2
1.22
1.23
1.2
1.2
1.23
1.19
1.19
1.21
1.22
1.19
1.2
1.22
1.19
1.21
1.21
1.24
1.2
1.2
1.23
1.2
1.2
1.21
1.23
1.2
1.21
1.23
1.19
1.21
1.21
1.23
1.2
1.21
1.23
1.2
1.2
1.21
1.23
1.2
1.21
1.23
1.2
1.2
1.21
1.23
1.21
1.2
1.24
1.21
1.21
1.22
1.24
1.21
1.21
1.24
1.2
1.21
1.21
1.24
1.21
1.2
1.23
1.2
1.2
1.21
1.23
1.2
1.2
1.23
1.19
1.21
1.21
1.23
1.2
1.2
1.23
1.19
1.21
1.2
1.23
1.2
1.21
1.23
1.19
1.21
1.21
1.24
1.19
1.21
1.23
1.19
1.21
1.21
1.24
1.19
1.2
1.23
1.19
1.21
1.2
1.24
1.2
1.2
1.23
1.19
1.21
1.2
1.24
1.19
1.21
1.23
1.19
1.21
1.2
1.24
1.2
1.21
1.23
1.19
1.22
1.2
1.24
1.2
1.21
1.23
1.19
1.21
1.21
1.24
1.2
1.22
1.23
1.19
1.21
1.21
1.23
1.21
1.21
1.23
1.19
1.22
1.2
1.23
1.21
1.21
1.23
1.2
1.21
1.2
1.24
1.21
1.21
1.23
1.21
1.21
1.21
1.24
1.21
1.21
1.23
1.2
1.21
1.21
1.24
1.21
1.2
1.23
1.19
1.2
1.2
1.23
1.2
1.21
1.23
1.2
1.21
1.2
1.24
1.2
1.2
1.23
1.19
1.21
1.2
1.24
1.2
1.2
1.23
1.2
1.22
1.2
1.24
1.21
1.2
1.23
1.2
1.22
1.2
1.24
1.21
1.2
1.23
1.2
1.21
1.2
1.24
1.2
1.2
1.23
1.2
1.22
1.2
1.24
1.21
1.2
1.23
1.21
1.22
1.2
1.24
1.21
1.2
1.23
1.21
1.22
1.2
1.23
1.21
1.2
1.23
1.21
1.23
1.19
1.23
1.2
1.2
1.23
1.2
1.22
1.19
1.23
1.21
1.2
1.22
1.21
1.22
1.19
1.23
1.21
1.21
1.22
1.2
1.22
1.2
1.23
1.2
1.2
1.22
1.21
1.22
1.2
1.23
1.21
1.21
1.22
1.21
1.22
1.19
1.23
1.21
1.21
1.22
1.21
1.22
1.2
1.23
1.21
1.21
1.22
1.21
1.22
1.2
1.23
1.21
1.2
1.22
1.22
1.22
1.2
1.23
1.21
1.2
1.23
1.21
1.22
1.19
1.23
1.21
1.2
1.22
1.21
1.22
1.19
1.22
1.2
1.2
1.22
1.21
1.22
1.19
1.24
1.21
1.2
1.22
1.21
1.21
1.19
1.23
1.2
1.19
1.21
1.2
1.21
1.19
1.23
1.19
1.2
1.21
1.2
1.21
1.18
1.22
1.2
1.19
1.22
1.21
1.22
1.2
1.23
1.2
1.19
1.22
1.21
1.21
1.2
1.23
1.2
1.19
1.22
1.21
1.21
1.19
1.24
1.2
1.19
1.22
1.21
1.21
1.19
1.23
1.2
1.19
1.22
1.21
1.21
1.19
1.23
1.21
1.2
1.22
1.21
1.22
1.2
1.23
1.21
1.2
1.23
1.21
1.22
1.2
1.23
1.21
1.2
1.22
1.21
1.22
1.2
1.23
1.21
1.2
1.22
1.21
1.22
1.19
1.23
1.21
1.2
1.22
1.2
1.22
1.2
1.23
1.21
1.2
1.22
1.21
1.22
1.19
1.23
1.21
1.19
1.22
1.21
1.22
1.19
1.23
1.21
1.19
1.23
1.21
1.21
1.19
1.23
1.21
1.19
1.22
1.21
1.21
1.19
1.23
1.21
1.19
1.21
1.21
1.22
1.19
1.22
1.21
1.19
1.22
1.21
1.22
1.19
1.22
1.21
1.19
1.21
1.21
1.21
1.18
1.23
1.21
1.19
1.21
1.2
1.21
1.18
1.22
1.21
1.19
1.21
1.21
1.21
1.18
1.23
1.21
1.18
1.21
1.21
1.21
1.18
1.23
1.22
1.18
1.21
1.21
1.22
1.18
1.23
1.23
1.18
1.21
1.21
1.23
1.18
1.21
1.23
1.19
1.2
1.2
1.22
1.18
1.21
1.21
1.19
1.2
1.2
1.22
1.18
1.21
1.22
1.19
1.2
1.2
1.22
1.19
1.21
1.22
1.18
1.2
1.2
1.21
1.19
1.21
1.21
1.19
1.21
1.2
1.22
1.19
1.21
1.22
1.18
1.21
1.19
1.21
1.19
1.21
1.21
1.18
1.21
1.18
1.21
1.19
1.2
1.21
1.18
1.21
1.19
1.21
1.19
1.2
1.2
1.18
1.19
1.19
1.2
1.18
1.2
1.2
1.18
1.2
1.19
1.2
1.18
1.21
1.2
1.18
1.21
1.18
1.21
1.18
1.21
1.2
1.18
1.21
1.19
1.21
1.18
1.21
1.19
1.18
1.2
1.19
1.2
1.18
1.2
1.19
1.18
1.2
1.19
1.2
1.18
1.21
1.2
1.17
1.2
1.19
1.21
1.18
1.21
1.2
1.18
1.21
1.19
1.2
1.18
1.21
1.2
1.18
1.21
1.19
1.2
1.19
1.22
1.2
1.18
1.22
1.19
1.21
1.19
1.21
1.2
1.18
1.22
1.19
1.21
1.19
1.21
1.21
1.17
1.22
1.19
1.21
1.2
1.22
1.2
1.18
1.22
1.19
1.2
1.19
1.21
1.2
1.18
1.22
1.2
1.21
1.21
1.22
1.21
1.2
1.22
1.2
1.21
1.2
1.22
1.2
1.2
1.22
1.19
1.2
1.19
1.21
1.2
1.19
1.21
1.19
1.21
1.19
1.2
1.21
1.19
1.21
1.19
1.21
1.19
1.21
1.2
1.19
1.21
1.18
1.2
1.19
1.21
1.2
1.19
1.21
1.18
1.21
1.2
1.2
1.2
1.2
1.2
1.18
1.21
1.2
1.19
1.19
1.19
1.2
1.18
1.21
1.19
1.19
1.19
1.19
1.19
1.18
1.21
1.19
1.19
1.2
1.19
1.19
1.18
1.21
1.19
1.19
1.2
1.2
1.2
1.18
1.21
1.19
1.19
1.2
1.2
1.19
1.19
1.21
1.19
1.19
1.2
1.19
1.2
1.18
1.2
1.2
1.2
1.2
1.19
1.2
1.18
1.21
1.2
1.2
1.2
1.19
1.19
1.18
1.2
1.19
1.2
1.2
1.19
1.2
1.18
1.21
1.2
1.2
1.21
1.19
1.21
1.18
1.2
1.2
1.2
1.2
1.19
1.21
1.19
1.21
1.2
1.2
1.2
1.19
1.22
1.18
1.21
1.21
1.21
1.21
1.19
1.22
1.19
1.21
1.21
1.21
1.21
1.2
1.22
1.2
1.21
1.21
1.21
1.21
1.2
1.22
1.19
1.21
1.2
1.2
1.21
1.19
1.21
1.19
1.21
1.21
1.2
1.21
1.2
1.21
1.19
1.2
1.21
1.2
1.2
1.19
1.21
1.18
1.2
1.22
1.2
1.19
1.19
1.21
1.18
1.2
1.21
1.2
1.2
1.2
1.22
1.18
1.2
1.22
1.21
1.19
1.2
1.22
1.18
1.2
1.21
1.2
1.2
1.19
1.2
1.18
1.2
1.2
1.2
1.19
1.19
1.2
1.17
1.2
1.2
1.2
1.19
1.19
1.2
1.18
1.2
1.2
1.19
1.19
1.19
1.2
1.18
1.2
1.2
1.2
1.2
1.19
1.2
1.19
1.19
1.2
1.19
1.2
1.19
1.2
1.19
1.19
1.2
1.2
1.2
1.18
1.2
1.19
1.19
1.19
1.19
1.2
1.18
1.2
1.19
1.2
1.19
1.2
1.2
1.18
1.2
1.19
1.2
1.2
1.2
1.2
1.18
1.21
1.19
1.19
1.2
1.21
1.19
1.18
1.21
1.19
1.2
1.2
1.2
1.2
1.18
1.2
1.19
1.2
1.2
1.2
1.2
1.19
1.21
1.18
1.2
1.2
1.2
1.2
1.19
1.21
1.18
1.2
1.2
1.2
1.2
1.18
1.21
1.18
1.2
1.2
1.2
1.2
1.18
1.21
1.18
1.2
1.2
1.2
1.2
1.18
1.21
1.18
1.19
1.2
1.19
1.19
1.18
1.21
1.18
1.19
1.2
1.2
1.2
1.18
1.2
1.18
1.2
1.19
1.19
1.19
1.18
1.2
1.18
1.19
1.19
1.2
1.19
1.18
1.2
1.18
1.19
1.19
1.19
1.19
1.18
1.2
1.18
1.19
1.19
1.19
1.19
1.18
1.2
1.17
1.19
1.19
1.2
1.19
1.17
1.21
1.18
1.19
1.19
1.2
1.18
1.17
1.21
1.17
1.19
1.19
1.19
1.18
1.18
1.21
1.16
1.18
1.19
1.19
1.18
1.17
1.2
1.17
1.19
1.19
1.19
1.18
1.18
1.2
1.17
1.19
1.19
1.19
1.18
1.18
1.21
1.17
1.18
1.19
1.19
1.18
1.18
1.2
1.17
1.18
1.2
1.19
1.18
1.19
1.21
1.18
1.19
1.21
1.2
1.19
1.19
1.21
1.18
1.19
1.2
1.2
1.19
1.19
1.2
1.18
1.18
1.21
1.2
1.19
1.19
1.21
1.18
1.18
1.2
1.19
1.19
1.18
1.2
1.18
1.18
1.2
1.19
1.19
1.18
1.21
1.18
1.18
1.2
1.21
1.2
1.19
1.21
1.19
1.19
1.21
1.2
1.2
1.19
1.22
1.19
1.18
1.21
1.22
1.2
1.19
1.21
1.19
1.19
1.22
1.2
1.2
1.2
1.2
1.18
1.19
1.21
1.19
1.19
1.19
1.21
1.18
1.19
1.21
1.2
1.19
1.2
1.21
1.19
1.2
1.22
1.21
1.2
1.2
1.22
1.19
1.2
1.22
1.22
1.22
1.21
1.22
1.19
1.21
1.23
1.22
1.21
1.22
1.23
1.19
1.21
1.23
1.22
1.22
1.22
1.22
1.2
1.21
1.23
1.21
1.21
1.22
1.22
1.19
1.2
1.23
1.23
1.2
1.21
1.22
1.2
1.2
1.23
1.21
1.2
1.2
1.23
1.19
1.19
1.23
1.22
1.2
1.2
1.24
1.19
1.19
1.23
1.22
1.2
1.2
1.24
1.19
1.19
1.23
1.22
1.2
1.2
1.24
1.2
1.2
1.23
1.21
1.2
1.19
1.23
1.19
1.19
1.22
1.21
1.19
1.19
1.21
1.19
1.18
1.21
1.2
1.19
1.19
1.21
1.18
1.18
1.21
1.2
1.19
1.19
1.21
1.19
1.18
1.22
1.2
1.19
1.19
1.22
1.19
1.18
1.22
1.2
1.19
1.19
1.22
1.19
1.17
1.22
1.2
1.19
1.19
1.22
1.19
1.18
1.21
1.2
1.2
1.19
1.21
1.2
1.18
1.21
1.2
1.19
1.19
1.21
1.2
1.17
1.22
1.19
1.19
1.19
1.21
1.19
1.18
1.21
1.2
1.2
1.19
1.21
1.19
1.18
1.21
1.19
1.2
1.19
1.2
1.19
1.18
1.21
1.2
1.19
1.19
1.21
1.19
1.19
1.2
1.2
1.2
1.19
1.21
1.2
1.19
1.21
1.2
1.21
1.2
1.21
1.19
1.19
1.21
1.2
1.2
1.19
1.21
1.19
1.19
1.21
1.2
1.21
1.19
1.21
1.19
1.18
1.21
1.2
1.2
1.19
1.21
1.2
1.19
1.21
1.2
1.21
1.2
1.21
1.19
1.19
1.2
1.19
1.2
1.2
1.21
1.19
1.19
1.21
1.2
1.21
1.2
1.21
1.2
1.19
1.21
1.2
1.21
1.2
1.21
1.2
1.19
1.21
1.19
1.2
1.19
1.21
1.18
1.2
1.21
1.19
1.2
1.2
1.21
1.19
1.19
1.21
1.2
1.2
1.2
1.21
1.19
1.19
1.21
1.2
1.21
1.2
1.21
1.2
1.19
1.22
1.19
1.21
1.19
1.21
1.19
1.19
1.21
1.19
1.21
1.19
1.21
1.2
1.19
1.22
1.19
1.21
1.2
1.21
1.19
1.19
1.22
1.19
1.2
1.19
1.2
1.2
1.18
1.21
1.19
1.21
1.19
1.21
1.19
1.19
1.21
1.19
1.21
1.19
1.21
1.19
1.19
1.21
1.2
1.21
1.19
1.22
1.19
1.2
1.21
1.2
1.2
1.19
1.21
1.19
1.2
1.21
1.2
1.2
1.2
1.21
1.19
1.19
1.21
1.19
1.2
1.19
1.2
1.19
1.19
1.21
1.19
1.2
1.19
1.21
1.19
1.19
1.21
1.2
1.2
1.18
1.21
1.19
1.19
1.2
1.2
1.2
1.19
1.21
1.19
1.2
1.21
1.2
1.2
1.19
1.21
1.19
1.19
1.21
1.2
1.21
1.2
1.2
1.2
1.19
1.21
1.19
1.2
1.19
1.2
1.2
1.19
1.21
1.2
1.2
1.2
1.2
1.19
1.19
1.2
1.2
1.2
1.2
1.2
1.2
1.19
1.2
1.2
1.2
1.2
1.2
1.2
1.2
1.2
1.2
1.2
1.2
1.21
1.2
1.2
1.21
1.2
1.2
1.21
1.21
1.2
1.19
1.21
1.2
1.2
1.2
1.22
1.19
1.19
1.21
1.2
1.2
1.2
1.21
1.19
1.19
1.21
1.2
1.21
1.21
1.21
1.2
1.2
1.22
1.21
1.2
1.21
1.21
1.2
1.2
1.22
1.21
1.2
1.22
1.21
1.21
1.2
1.23
1.21
1.21
1.23
1.22
1.2
1.2
1.23
1.21
1.21
1.23
1.21
1.2
1.21
1.24
1.21
1.22
1.23
1.22
1.22
1.21
1.24
1.22
1.22
1.23
1.22
1.21
1.21
1.23
1.21
1.22
1.23
1.22
1.21
1.21
1.24
1.21
1.21
1.23
1.22
1.21
1.2
1.23
1.21
1.21
1.22
1.22
1.21
1.21
1.24
1.22
1.21
1.23
1.22
1.21
1.21
1.23
1.22
1.21
1.22
1.22
1.21
1.21
1.23
1.21
1.21
1.22
1.22
1.2
1.21
1.23
1.21
1.21
1.21
1.22
1.2
1.2
1.23
1.21
1.19
1.22
1.22
1.2
1.21
1.23
1.21
1.2
1.22
1.21
1.2
1.21
1.23
1.2
1.19
1.22
1.21
1.2
1.2
1.23
1.2
1.2
1.22
1.21
1.2
1.21
1.23
1.21
1.2
1.22
1.21
1.2
1.2
1.22
1.21
1.2
1.22
1.21
1.19
1.2
1.22
1.21
1.2
1.22
1.22
1.19
1.21
1.22
1.21
1.2
1.22
1.22
1.19
1.21
1.23
1.21
1.2
1.22
1.22
1.2
1.21
1.22
1.22
1.21
1.22
1.21
1.2
1.22
1.22
1.21
1.21
1.22
1.22
1.2
1.21
1.23
1.22
1.21
1.21
1.22
1.19
1.21
1.22
1.21
1.2
1.21
1.22
1.19
1.2
1.21
1.21
1.2
1.2
1.22
1.18
1.2
1.22
1.21
1.2
1.21
1.22
1.19
1.21
1.22
1.21
1.19
1.2
1.21
1.18
1.2
1.22
1.2
1.19
1.2
1.21
1.18
1.2
1.21
1.2
1.19
1.2
1.22
1.18
1.2
1.21
1.2
1.19
1.2
1.21
1.18
1.2
1.21
1.2
1.19
1.19
1.21
1.18
1.2
1.2
1.2
1.19
1.18
1.21
1.18
1.19
1.2
1.2
1.19
1.19
1.21
1.18
1.2
1.2
1.21
1.19
1.19
1.21
1.18
1.19
1.2
1.21
1.19
1.19
1.21
1.18
1.2
1.2
1.2
1.19
1.19
1.21
1.18
1.19
1.2
1.2
1.19
1.19
1.21
1.17
1.19
1.2
1.21
1.18
1.19
1.21
1.18
1.19
1.2
1.2
1.18
1.2
1.21
1.17
1.19
1.21
1.2
1.18
1.2
1.21
1.17
1.19
1.21
1.21
1.18
1.2
1.22
1.18
1.19
1.21
1.21
1.18
1.2
1.22
1.18
1.2
1.21
1.21
1.19
1.2
1.22
1.18
1.2
1.2
1.22
1.19
1.2
1.23
1.18
1.21
1.2
1.22
1.19
1.2
1.23
1.18
1.2
1.21
1.22
1.19
1.21
1.23
1.18
1.2
1.21
1.22
1.2
1.21
1.23
1.18
1.21
1.22
1.21
1.2
1.21
1.23
1.18
1.2
1.21
1.21
1.19
1.21
1.22
1.17
1.2
1.2
1.21
1.19
1.2
1.22
1.18
1.21
1.2
1.21
1.19
1.2
1.22
1.17
1.21
1.2
1.22
1.19
1.21
1.22
1.18
1.21
1.2
1.2
1.2
1.2
1.21
1.17
1.2
1.2
1.21
1.19
1.2
1.22
1.17
1.21
1.21
1.21
1.19
1.19
1.22
1.18
1.2
1.21
1.21
1.2
1.2
1.23
1.18
1.21
1.22
1.21
1.2
1.2
1.23
1.18
1.21
1.21
1.21
1.2
1.21
1.23
1.18
1.22
1.21
1.21
1.2
1.2
1.23
1.18
1.21
1.2
1.21
1.2
1.2
1.22
1.18
1.22
1.21
1.22
1.21
1.2
1.23
1.18
1.21
1.21
1.21
1.2
1.2
1.23
1.18
1.21
1.21
1.22
1.2
1.2
1.24
1.18
1.21
1.21
1.21
1.19
1.2
1.24
1.18
1.21
1.2
1.22
1.2
1.19
1.23
1.18
1.2
1.2
1.22
1.2
1.2
1.22
1.18
1.2
1.2
1.21
1.19
1.19
1.22
1.17
1.2
1.2
1.21
1.19
1.19
1.22
1.17
1.2
1.2
1.2
1.19
1.2
1.22
1.17
1.19
1.2
1.2
1.19
1.2
1.21
1.17
1.2
1.2
1.2
1.18
1.19
1.21
1.17
1.19
1.2
1.2
1.18
1.19
1.21
1.17
1.19
1.19
1.2
1.18
1.19
1.22
1.17
1.19
1.19
1.2
1.18
1.19
1.21
1.17
1.19
1.19
1.2
1.19
1.19
1.22
1.17
1.19
1.19
1.2
1.19
1.19
1.22
1.17
1.19
1.19
1.2
1.19
1.19
1.22
1.17
1.2
1.2
1.2
1.19
1.19
1.22
1.17
1.2
1.2
1.2
1.19
1.18
1.22
1.17
1.19
1.2
1.19
1.19
1.18
1.22
1.17
1.19
1.2
1.19
1.18
1.18
1.22
1.17
1.18
1.2
1.19
1.18
1.18
1.22
1.17
1.19
1.2
1.2
1.19
1.18
1.22
1.17
1.19
1.2
1.2
1.18
1.19
1.22
1.18
1.19
1.2
1.21
1.19
1.19
1.22
1.18
1.19
1.2
1.19
1.18
1.18
1.22
1.18
1.19
1.2
1.2
1.19
1.18
1.21
1.18
1.19
1.2
1.19
1.19
1.18
1.22
1.18
1.19
1.2
1.2
1.2
1.19
1.22
1.19
1.2
1.2
1.2
1.2
1.19
1.23
1.18
1.2
1.2
1.2
1.19
1.18
1.22
1.18
1.2
1.2
1.19
1.2
1.18
1.22
1.18
1.2
1.2
1.19
1.19
1.19
1.22
1.17
1.19
1.2
1.2
1.2
1.19
1.23
1.18
1.2
1.21
1.2
1.19
1.19
1.22
1.17
1.2
1.2
1.2
1.19
1.18
1.22
1.18
1.21
1.2
1.2
1.2
1.19
1.23
1.18
1.21
1.21
1.2
1.21
1.2
1.23
1.19
1.21
1.21
1.2
1.21
1.2
1.23
1.19
1.21
1.21
1.2
1.2
1.2
1.22
1.19
1.2
1.21
1.2
1.2
1.2
1.23
1.18
1.2
1.21
1.2
1.19
1.19
1.22
1.18
1.2
1.21
1.2
1.19
1.19
1.23
1.18
1.2
1.21
1.2
1.2
1.19
1.23
1.18
1.2
1.2
1.2
1.2
1.19
1.23
1.18
1.2
1.2
1.2
1.2
1.19
1.23
1.19
1.2
1.21
1.2
1.2
1.19
1.23
1.18
1.2
1.2
1.2
1.19
1.18
1.23
1.18
1.19
1.2
1.2
1.19
1.18
1.23
1.18
1.2
1.2
1.21
1.19
1.19
1.23
1.19
1.19
1.2
1.2
1.19
1.18
1.22
1.19
1.2
1.2
1.21
1.2
1.19
1.23
1.19
1.2
1.21
1.21
1.21
1.19
1.23
1.19
1.21
1.21
1.2
1.21
1.19
1.23
1.18
1.2
1.2
1.2
1.2
1.19
1.23
1.18
1.2
1.19
1.2
1.2
1.19
1.22
1.18
1.2
1.2
1.2
1.2
1.18
1.23
1.19
1.2
1.2
1.2
1.19
1.18
1.22
1.18
1.19
1.2
1.2
1.19
1.18
1.22
1.18
1.19
1.19
1.2
1.19
1.17
1.22
1.18
1.19
1.19
1.2
1.2
1.17
1.22
1.18
1.19
1.19
1.2
1.19
1.17
1.22
1.18
1.18
1.2
1.2
1.2
1.17
1.23
1.19
1.19
1.19
1.21
1.2
1.18
1.23
1.19
1.19
1.2
1.21
1.2
1.19
1.24
1.19
1.2
1.2
1.21
1.2
1.19
1.23
1.19
1.2
1.2
1.2
1.21
1.19
1.22
1.19
1.21
1.2
1.21
1.21
1.19
1.22
1.2
1.21
1.21
1.21
1.21
1.19
1.22
1.19
1.2
1.2
1.2
1.2
1.19
1.22
1.18
1.2
1.2
1.2
1.2
1.18
1.22
1.19
1.2
1.2
1.2
1.21
1.19
1.22
1.19
1.21
1.2
1.21
1.2
1.19
1.22
1.19
1.21
1.2
1.21
1.21
1.19
1.22
1.18
1.2
1.2
1.2
1.2
1.19
1.23
1.18
1.2
1.2
1.2
1.2
1.19
1.23
1.18
1.21
1.21
1.21
1.2
1.19
1.23
1.18
1.2
1.21
1.2
1.2
1.19
1.22
1.18
1.2
1.2
1.2
1.2
1.19
1.23
1.18
1.21
1.21
1.21
1.2
1.19
1.22
1.18
1.2
1.21
1.21
1.2
1.19
1.22
1.18
1.21
1.21
1.2
1.2
1.19
1.23
1.18
1.2
1.21
1.2
1.2
1.19
